1.033075 -1.276765 -0.335368 -0.8480442 -0.5637257
1.469922 1.846671 -0.5839777 0.5208732 2.506871
-1.243324 1.454461 0.9314896 -0.8632594 0.5091249
-0.58028 -1.395786 1.588243 -1.051469 1.556205
0.4912393 -0.2918359 -1.532534 -0.3945452 0.03154942
0.2600765 -0.00572757 1.235718 -1.038874 1.488019
0.8637997 1.079719 -1.297428 -2.095005 -0.2267833
1.646347 -0.8357497 -0.1714693 1.54276 -3.1384
-1.433973 -0.4217219 0.1114261 0.2807002 -0.7825211
-2.178268 1.111044 -0.6394413 0.5005313 -1.232321
0.3289119 -0.9255666 -0.0724781 0.1159534 0.5661932
-1.05682 1.91869 -0.0406956 2.234134 0.7710565
1.948112 1.009942 1.667665 -0.003555582 0.5449246
1.203361 2.275766 -1.020642 -0.8517598 -1.845299
1.613726 -1.306068 -0.8829461 -0.0845488 -0.08122718
0.1814599 0.5447322 0.9511789 0.1758931 -1.480824
-0.2355386 0.5203394 -0.6665259 0.5619169 0.5730979
-0.08630514 -1.019903 -1.71674 -1.420717 1.179595
0.3446141 -0.5402723 -1.358884 0.3893146 0.2855539
1.213346 1.448113 -0.7110467 0.5061607 -2.396475
0.5951212 0.106708 -1.119162 1.758524 -0.07266119
-1.262366 0.4720964 -1.435863 -0.1692035 0.2731504
-1.860347 -0.07806716 0.06209468 -0.2771138 -0.9574715
-0.1915653 0.4530375 0.4045595 -0.9308418 1.828452
0.4711504 0.216643 1.341061 0.6005956 0.7044616
-0.3031964 -0.692153 -0.5701 0.08162536 0.3228954
-0.7197393 1.189698 0.7934864 -1.601889 -1.683598
0.6496492 -1.142863 -0.1884096 0.2127099 -0.264455
0.8840224 0.2887493 0.358889 -1.32857 -1.014636
-1.165931 0.2321879 -2.103665 -0.7002527 -1.160095
-0.6872704 -0.1939994 -0.2174605 -0.3436475 -0.991057
-1.169666 -1.358155 -1.227082 -0.4839476 0.6837122
0.7228614 0.7325207 0.9874962 -1.442448 -0.4322635
-1.596942 1.049947 1.546136 1.60593 -1.732377
-0.9125719 1.297442 0.9408828 -1.044869 -1.006674
1.055616 -0.2976327 -0.5996817 0.9023211 -0.7889132
-0.1806739 1.20841 0.5487799 1.095257 -0.9074667
-0.8601095 0.3204415 -1.141243 -2.045172 0.1521281
-1.213595 -1.445652 -1.290905 -0.6676927 -0.6260745
0.3569169 0.9787439 -0.4298279 2.233331 0.1063411
0.02970403 0.2622526 -1.665876 -2.510757 -0.9585916
1.002822 0.6096184 0.05461232 0.1884072 2.114698
1.261753 -0.6885898 -0.01199995 1.504737 -1.656539
-0.1569823 0.02436204 0.5881745 0.3826328 -1.488265
0.9643861 -2.683574 -0.7999437 1.48255 -0.05954011
-0.5787285 -0.2573305 2.065656 0.8257639 -0.3997574
0.6718192 -1.443197 -0.8553395 0.6610654 -1.407151
-0.2137292 -0.1139885 1.25668 -0.03380979 -0.001952492
1.378488 1.346115 0.2163041 0.3629003 0.07471972
-0.0444638 -1.301962 -1.315233 0.2917471 1.468372
-1.609776 0.1883298 0.5768062 0.2416636 0.5848343
-0.7666801 0.101664 0.1538261 -0.1843022 0.8787048
0.5754186 -1.723051 -0.9207896 0.6313076 0.2788761
2.393186 0.3390756 0.9364159 -0.8894491 2.661399
-0.856231 -0.690932 0.4664598 -0.8306066 0.7714843
1.346788 1.200924 0.138971 0.1167217 -0.08353039
-0.3079282 -0.3930672 0.01187404 1.553978 -0.07631263
-1.048442 -0.2994209 -0.8573532 1.002936 -0.1852577
0.5316176 0.01367206 0.957179 -0.7062154 0.8545562
-1.670262 1.518006 -0.677097 0.600444 -0.4269626
0.3055421 -0.09000367 0.7549048 0.812698 -0.1018799
0.898516 -0.7736898 -0.2205849 -0.06290281 -0.8285311
1.358777 -9.986044e-05 -0.3723049 0.2097627 -0.09199946
1.487621 -0.3261311 -1.319423 0.3939339 -1.970375
-0.4902432 0.6745608 0.2063424 -0.6530768 -2.344293
-0.4305601 0.3609959 -0.1139044 1.364415 0.7438563
-1.108634 1.634852 -1.282677 -0.2307993 0.8502185
0.4780881 -0.5617803 -0.6883444 -0.9416441 1.895112
-1.3205 0.09525279 -0.8570563 1.384842 1.03701
0.295371 -2.017829 -0.2592678 -0.6317537 -1.065401
0.4972537 -0.4946542 -0.04034485 0.7616378 0.6610942
0.2892682 -2.298143 0.9578389 -0.7866892 -0.841661
-0.2451342 -0.1586756 -0.8637711 1.295653 -0.3413901
0.7734398 -0.6527237 0.4803309 -0.2209481 -0.02492314
-2.30612 -0.6600141 0.004365655 -0.9344813 1.108472
-0.506288 -0.4507086 -1.864646 -0.9003985 -0.1691901
-0.6694803 -2.002666 -1.79451 -0.1253799 -0.1115439
0.5045259 0.7893283 0.463105 1.080237 0.02428594
-0.8876959 0.2693844 -0.7413342 -1.88068 -0.02932323
-0.3063621 1.238824 -0.8767558 2.395398 -0.2733198
1.03048 -1.945007 1.080479 -0.5365534 -0.6449584
-0.2595191 1.134051 -0.3366667 0.3639266 -0.2028246
0.1216673 -2.198307 -1.727597 0.4291214 1.086899
0.7667353 0.8425157 -1.057373 -2.861568 -0.2652568
-1.680996 0.4892387 -0.3843805 -0.1351614 0.288035
0.97999 0.7201493 1.046231 -0.08753867 -0.1240118
-1.662624 0.24106 0.253921 -0.02202897 1.845521
0.09460867 0.4709508 -0.4139175 1.69751 -0.5113104
1.40379 0.7505011 -0.2629678 -0.757026 -0.3227737
0.357529 -0.3352296 1.49899 -2.031318 -0.6619163
0.8159394 0.7373002 -1.182265 -1.540464 1.110324
-0.6561405 0.8366491 -0.03964524 -0.2989483 -0.7132215
-0.2585993 0.5201537 0.3057656 -0.3771958 0.1784579
-0.104062 0.7195235 0.4112715 0.9259528 0.9950115
1.604542 0.7839641 -1.538753 -1.169148 1.799803
-0.8895863 0.5297822 -0.7534485 0.3318762 0.4203779
-0.2102459 -0.8498089 1.441891 0.7858842 -0.3957815
-0.221367 0.3359978 -1.114591 0.3896848 -0.6931538
-0.4504805 0.6044954 -0.8758907 -1.981594 0.6998189
0.1464004 0.4095257 0.4062589 1.235565 0.2451799
