0.2997138 -1.951861 0.1229829 1.371719 -1.209881
-1.375396 0.3301417 -0.07915555 1.425657 1.697855
1.531069 0.1941567 0.6411281 -0.5065153 0.4416987
0.1496257 0.1447833 -0.6950853 -0.6056305 -0.4616968
-0.3608443 -1.363473 0.5477832 -0.6055593 -0.915815
-0.2656256 -1.129885 -0.2174307 1.190662 0.2044959
-0.018185 -1.108601 -0.4103904 -1.100287 1.323664
1.873792 -0.5430729 -1.79852 -1.084653 -1.421286
0.298013 -0.2328581 0.1898125 -0.8345023 -0.8315076
0.5791256 -0.1116631 0.8800398 1.601059 0.7423135
-0.01981115 -0.1802961 0.194633 1.293615 1.349512
-0.319641 0.9593922 -1.293701 0.002138634 0.09636322
0.1334282 1.197909 -1.190284 0.8002598 0.4554451
-1.227202 0.09839643 0.1694818 0.1987411 -0.8502707
-0.5127777 1.266784 -1.265729 0.4092126 -0.2256462
-0.04692507 -0.2664604 -0.1817376 -1.286632 -0.555955
1.347742 -0.1419691 0.3141344 -0.5700624 -0.5070606
0.5672391 -2.063506 -0.4471649 0.3492445 -0.03157924
2.284095 -0.3706032 0.9428989 -1.633941 0.2590166
-1.571018 -0.1483414 -0.7344806 -0.6689541 0.263168
-0.04017899 0.4125251 -1.640927 -1.341505 -0.3124288
-0.8069527 -0.2973333 0.5755148 -0.1794019 -0.4365106
0.2244003 -1.391989 -0.8828512 -0.728977 -1.258352
0.2568882 -0.3047782 -1.536692 -0.6514981 1.306748
-0.6195871 0.004940949 -0.1302701 -0.48436 0.1893788
2.360256 1.350043 -1.411595 -0.1469721 1.632281
1.050401 0.7274797 -0.9219662 -2.088424 0.4772587
1.711802 -1.263593 0.1436118 -1.499053 1.07079
-0.776604 0.8256681 -0.06133856 -0.05540109 0.604104
1.722349 -1.650815 -0.4288212 -1.384456 0.196484
-1.253003 0.1845765 1.20042 0.2030143 0.1842503
1.853648 -0.9827254 0.05602273 0.7789389 -0.3987317
0.3165745 -0.1667056 0.04548466 -0.3708345 1.325128
-0.2610465 0.8558478 -0.6121652 0.2655172 1.042149
0.6239573 -0.08791251 0.6708287 -1.120293 -1.31342
2.052282 -0.9566118 0.3278836 2.624194 -0.93832
0.08210293 0.6028419 0.06521846 -0.1912584 1.129135
-0.8952625 -0.4967019 1.127267 0.1157097 -1.73092
-0.9886872 -0.2771532 0.2887046 -0.3794931 0.4932627
-0.4301789 0.7832078 -0.5894549 -0.7552195 -1.108316
1.441403 -0.868183 0.07623979 -0.2059887 0.8918832
-0.3106284 1.254852 -1.175539 1.019902 -0.5925659
2.684286 -0.5669554 1.800849 0.7761599 -0.3093741
-0.2936021 -0.6575291 0.6393728 -0.6246197 1.49019
1.096415 0.8185632 -1.029066 0.9360473 -0.1653285
0.1436767 -0.4203621 -0.9926005 -0.4749194 -1.248806
1.029682 0.2508979 0.607286 1.248283 1.321892
-0.4142022 0.1207388 0.9073226 -0.5254016 0.4057536
0.2666925 -1.769458 1.167659 -0.6342757 -1.044018
-0.4052909 0.1783859 0.3500951 -1.226308 -0.5586963
