-2.791956 -1.350746 0.3812952 -0.1429786 0.1812472
1.231964 -0.02634996 1.207334 -1.348742 0.5483504
0.1538377 -0.4258253 -1.354613 0.03346965 -1.870008
0.4425422 0.5634885 0.9859932 -1.125197 1.27109
0.5539906 -0.380193 0.460382 0.1895134 1.228587
-0.1850829 -0.6721969 -2.135538 -0.3307335 -0.2648775
-0.6494892 -0.8096487 1.368653 1.206892 -0.07633784
-0.7052667 0.07158715 -0.6393362 -0.4253907 -2.250308
0.9163465 -0.5132803 -0.3064946 2.090722 -2.1103
-1.771209 -1.414569 -0.5259535 -2.322166 0.4381099
0.2452223 0.8866777 -2.021108 0.05722289 -0.546271
0.04540944 -0.8994796 0.05305208 1.514417 0.7345269
-1.808697 -0.5831629 -0.2089178 1.593746 -0.3518782
0.1618706 -0.002166415 1.310535 0.2534911 0.7293112
-0.2342213 -0.2509912 -0.5912916 -0.0731641 0.5818976
-0.4992624 -0.3245129 -0.4183723 0.4973672 -0.9502949
1.028779 0.8666708 0.7122453 0.751956 0.1256378
-0.3599987 -1.147315 0.5272192 0.1602646 0.8414178
-0.9453007 -0.1190808 0.07881909 -0.2859791 0.8518076
0.06873363 -0.3572389 -0.9853175 0.4343423 -0.5273514
0.2670174 -0.09089688 0.3689581 -0.8346982 -0.02895421
-0.2074447 0.3942364 0.7649429 -0.4014211 -0.4043076
-1.088321 1.20377 -0.91462 -0.9808652 -1.530868
0.9050819 0.2309787 -0.2977493 -0.2657982 -0.009372904
0.240744 1.301929 -1.941695 -0.7103016 0.08446998
0.3243136 1.743528 -0.2139013 -0.4099633 -0.6426045
1.690949 -1.005893 -1.202704 1.128324 1.740947
0.8076227 1.184921 -0.24676 0.410653 -0.06974293
0.1674729 0.5285942 0.3031477 0.09726416 -2.299224
-2.202963 0.7958231 -0.05507543 0.8424131 0.6076201
0.1772477 -0.9596389 -0.4560889 0.2206289 2.335124
-0.9891507 -0.8940651 -0.3528204 1.583237 0.1619832
-1.782101 -1.03159 0.007679231 -0.8900756 1.316304
-2.216357 1.415969 0.3492921 -0.644603 0.4881195
-0.2132792 0.1182676 -0.5192803 -1.863268 -0.4354695
-1.5668 -0.6104384 1.195738 1.361414 -0.993842
-0.5412111 -0.3931206 0.2619451 0.3508859 1.308251
1.957447 0.6897201 0.4771263 -0.3859217 -1.015101
-1.368228 -0.2378071 0.7050689 -0.1845551 1.760542
-0.568897 1.10409 0.2753604 -0.8097359 -0.0739483
0.980138 1.780173 -0.1292553 0.9779754 -1.749396
0.3745721 -1.974356 1.841694 -1.129602 -2.674966
0.4498868 -2.10064 0.3995104 -0.03303725 0.01577266
-0.1798615 1.118018 0.1000941 0.7225628 -1.01045
1.819521 -0.3360655 -0.261079 -0.1504196 0.2832577
-1.273924 -0.1902683 -0.7517386 -0.6580117 -1.391197
-0.2511982 -0.5109934 -0.684333 0.3909198 0.4106359
-0.561475 1.356162 0.4773287 1.155914 -0.680323
-0.1464669 -0.5671231 -0.06043932 0.8672193 -1.352055
-0.152137 -1.269898 -2.57488 0.005382923 -0.6967132
-1.529688 -0.2797212 0.05432789 -0.03159496 0.2416478
-0.08518614 0.2627433 -0.6649475 1.536524 1.333891
1.525637 -0.286392 0.3858763 -0.02525332 -0.9763437
-1.223558 -0.1787868 -0.9096594 0.5270759 0.3557963
1.868713 0.8224842 -1.674998 0.3744371 -1.064139
1.795069 0.4523213 -1.039206 0.07540608 -0.3497439
0.9884975 -0.8519201 -0.4747244 1.748797 -1.318023
0.1025089 2.14478 0.2062845 -0.2652689 2.282623
-0.7015077 0.8220196 -0.2066256 0.393262 -0.05584086
1.409535 -1.579312 0.3858804 0.6447902 -1.326486
-1.35059 -0.9160023 0.147879 0.7212442 1.400326
1.267145 0.7940262 0.02663493 0.02090642 1.348229
0.05331085 -2.148327 0.7564633 0.9486531 -2.030719
-0.170203 -2.199513 0.5405977 0.9112703 1.287299
-0.5641356 -0.7964144 -0.002117401 -0.3596157 1.088363
1.927049 -1.003983 0.4177956 -0.1371319 -1.120637
-3.030939 -0.3029782 -0.4029028 -0.01526567 0.4988216
1.338232 1.103043 -1.888244 -0.09835466 0.6331894
-0.4565468 -0.9203948 -0.5072236 -0.5115193 -0.1691477
-1.067652 0.5900222 -0.9982856 0.8588132 0.3508614
-0.1776093 1.273274 1.673901 -0.3274291 1.24559
0.07951443 -0.5348717 -1.773343 3.8153 1.40834
-1.095116 -1.874552 -0.7228847 -1.367924 0.1385959
0.5265334 -0.05411471 1.270489 -0.7760533 0.6493759
-0.3766772 0.4469774 1.424651 0.1848034 1.819554
-0.3277011 0.2136436 -1.867558 1.310067 0.6348648
0.1304918 -0.01476703 -1.197589 -0.671122 -0.1920877
0.02204208 -0.3578458 -2.376594 -0.6375131 -0.7497609
1.317249 -0.4304544 0.8047606 0.5298511 0.6743447
0.6106287 1.360661 1.043468 -0.1344521 -0.05345846
-0.9172401 0.6377053 0.3363204 0.4627294 -0.8539579
-0.6007673 1.376217 0.1881181 1.063603 -1.138713
-0.8142059 -1.233037 0.246412 -0.3288729 -0.9248128
0.05593596 0.0145295 -0.3859234 -0.6700817 0.5161427
-0.9180062 0.5722936 -1.915936 0.4537729 0.2743366
-0.3508593 1.137773 0.5422666 -0.9435108 1.62862
0.3717345 0.2099572 0.1207733 0.856523 0.6259976
0.3895026 -0.2701043 1.336685 0.9084449 -2.247167
0.1134385 1.558232 -0.5055425 1.455633 -0.3941611
-0.6093086 -0.2789038 1.351341 -1.531408 0.2157489
-0.6553663 -0.3643298 -0.875889 -0.5619721 -0.5018343
1.653324 0.3800275 -1.055855 0.6719397 1.481036
0.9792047 -0.1687038 0.7366186 1.321155 -0.9832285
0.4383166 -0.9704789 1.762253 2.099736 -0.6941431
0.04209276 -0.6038725 -0.6412674 -1.056338 0.8681003
1.245416 -2.066519 0.7684014 0.02604574 0.7772935
-0.8730284 0.1917751 -1.653691 0.5836809 0.3215711
-0.9091688 0.8217073 -1.615947 0.6814941 -0.8996025
0.8551423 -0.9456076 -0.7006169 1.155601 0.5903887
0.9382443 0.9484206 -0.4938336 -1.097368 0.7788987
-1.743408 -1.191318 -0.2773678 -1.157438 1.262023
-1.594484 -0.6162445 -0.6486155 0.8595939 -0.181857
0.7865598 0.4906717 -1.255301 -1.357862 -0.1201573
-0.1379597 1.264148 1.36513 1.706152 -1.957569
-3.118812 -0.4787962 -0.6099477 0.06106649 -1.586437
0.3031697 -1.699193 1.137855 0.2129653 -0.0664197
0.4731134 -0.6080336 0.8887705 -0.7541926 0.9956158
-0.2550333 1.40616 -0.5831026 -1.12045 -0.4759709
-1.194382 2.480753 0.4417488 -0.6323222 -0.5268589
1.211846 1.603363 -0.145865 1.083798 -0.8362806
3.112865 1.41427 -2.059662 0.8997874 -0.9704936
0.09652074 1.253722 -1.216267 -0.2872889 -0.2110474
-0.08214758 0.8525868 1.178589 1.062433 0.639471
0.9329899 -0.5549823 0.3315066 -0.7821155 0.116222
0.8362097 0.1510172 -0.3597575 -1.143893 0.2643955
-0.6634498 1.448937 0.05909534 -0.9934064 -0.2194067
-0.07000639 -0.3580587 -1.45907 1.791597 0.9014563
2.509551 0.668912 -0.6027004 -0.7828898 0.5535745
1.918077 -0.4184236 0.1679166 1.204025 0.02963515
0.2397851 -0.5156919 0.3570747 0.849621 -1.615891
0.6286534 0.9494106 0.6380683 -0.006505979 -2.126154
-0.6131089 -0.5252009 -0.3187285 0.2904845 0.2651434
-0.178947 0.4477312 -0.3147465 0.3929484 0.1956711
-0.3796956 -0.4189853 -0.6207591 0.3889797 -0.225697
-0.207637 0.2135029 1.169828 -1.377323 -0.9740025
-0.08918275 -0.3977564 0.8077161 -1.281867 0.1022184
-0.6101764 -1.207063 -1.809458 -1.326665 0.05772238
0.7524684 -0.1796766 -0.101999 -0.02020276 1.000522
1.6117 -1.292127 -2.461195 1.313223 -0.4160226
0.4656216 -0.1962996 0.7563649 0.06454898 -0.2481621
-0.4157737 2.280717 -1.556399 0.7531762 0.5356683
0.125094 0.6813715 -0.6663636 0.5168263 0.7056568
0.3410936 0.2506743 -0.4015017 0.9273162 2.197686
0.3923769 0.3120965 0.2777477 0.5112231 0.5125452
-1.502755 0.2649867 -0.4322527 0.6950724 -0.7658921
1.160416 1.970579 -0.7876364 1.54933 0.3787534
1.140471 -1.43498 1.086937 -0.909922 -0.5249136
-1.05119 -0.6381367 -0.8791411 -1.002004 -0.9831977
0.3801796 1.2909 -0.8290014 0.6849613 -1.245225
3.510274 -0.6144543 -1.101935 2.192746 -0.2031363
-2.155481 -0.4596638 -1.145333 -2.114121 -0.5178736
-0.500403 0.6906558 0.3810281 1.00863 0.4977065
-0.03241177 -0.700626 1.031352 0.4342848 -0.07477388
0.3249941 0.2070186 -1.032429 1.640507 1.055115
0.6409287 -0.2152773 -1.315484 -0.197575 -2.005205
-0.1912072 -1.613751 0.8475182 -1.035363 1.444439
0.8331185 0.5953924 0.6668513 -1.033701 -0.300657
-0.8782516 -0.4051583 -0.2129485 -1.338891 -0.4933854
-1.068051 -0.9962078 0.3462438 -0.09106618 -0.491712
0.7209065 0.04079888 1.170411 0.0835168 0.04912083
-0.9060224 0.01847441 -1.043978 0.03468521 0.8040874
-0.9561291 -2.837348 0.7928231 -1.395469 1.122435
-1.649116 0.5267962 -1.544612 0.1578394 0.3106987
-0.4721841 -0.9096747 0.335401 -0.6203495 -0.2033554
-1.134504 0.8202338 0.009945157 0.4810969 -0.5796155
-0.8529011 -0.5651024 -1.711518 0.9145294 -0.1108429
0.6838452 0.2706818 1.182071 -0.3669134 0.2399717
-0.4352869 -2.007444 -0.1992901 -0.7018538 -1.307688
-0.2441256 -0.2957648 1.470243 -1.833732 1.754968
0.8397594 -0.6201821 -0.5140897 -0.1192847 -0.6784782
0.9708557 0.6158857 -0.1835438 0.02393764 0.04657018
0.455074 0.4571079 -1.365181 -1.313556 -0.5542863
1.929396 -0.876201 0.394826 -0.1980633 0.7786539
-0.2549617 -0.04775957 0.6218992 -0.5392175 -0.9956227
0.4135248 -0.3597579 -0.5659174 1.396626 -1.327995
0.8303852 -0.1045534 -0.4539455 -0.4090945 -0.7693693
0.9623024 -0.8972244 0.7807279 -0.2246856 -1.382832
0.5041479 -0.2061068 1.330052 -0.6678007 0.3749366
-0.3608181 -0.7598082 -0.4991475 -0.7788339 1.340062
0.1557153 0.9679317 -0.1171354 -0.626348 -1.343063
-0.8593804 0.06759911 0.9925482 -0.6482532 -0.8313125
-0.5980531 -1.156231 1.254866 0.3718484 0.5927988
0.04174863 1.769089 0.1355715 -0.616433 0.4986014
-0.3885108 -0.7072758 0.1567466 -1.417523 -0.671813
1.160654 -0.4447715 -2.190882 1.24351 -1.745535
-0.1536291 -0.567865 -0.9531212 -1.109335 1.532214
0.9421768 -0.6185351 -0.1906594 -1.341932 0.462484
-0.08868271 0.785301 0.4208807 -0.6634319 -0.3982577
-0.8996701 0.5930997 -0.4378515 -0.5746292 1.219186
-1.67767 -0.5525844 -0.1473245 0.3431139 0.020739
0.5391536 0.7418895 -0.067028 -0.1779076 2.243054
1.713043 0.6952169 0.7146904 0.4419185 0.3357026
0.7963599 0.4713726 0.3870916 -0.3451936 -0.9235584
2.463149 0.3271286 -0.3340535 0.2659528 0.1781266
-0.8997251 -0.526296 0.6075896 -0.6584683 0.8099228
-0.9080982 -2.551882 -1.054441 -2.102906 -0.03785138
-0.7159125 -1.716655 -0.6599001 -1.406936 0.1055684
-0.5835186 0.3311203 0.7380691 0.7315051 -0.5602037
0.3756823 0.7656961 0.5753511 1.098442 -0.1489567
-0.8712278 1.036057 1.823137 -0.09530994 -0.6696614
0.2666088 -1.131672 -1.915851 1.211618 -0.9959782
-0.1670194 0.1031302 -0.2497389 0.3590301 -0.4727303
-0.8193448 0.5534855 0.5777289 -0.6904193 -0.3329283
1.335459 0.9194392 0.6600097 -0.9683188 0.2670106
-0.4033706 0.4121712 -0.7969512 -0.08806986 0.2496364
0.05327369 -0.8337769 1.472003 1.575501 -1.516885
-0.3011407 -1.271845 1.748652 -1.123347 -3.006379
-2.973398 -1.656098 0.1180586 0.3302026 -0.9671659
-0.427553 -0.4538049 0.5842781 0.6114594 -0.3361192
-1.108199 0.2837468 0.5484885 0.1912247 0.1578498
