-0.4779691 0.8686417 -0.5593112 -0.7654121 0.1530986
-0.2369415 -0.5236338 1.460137 -1.796966 -0.9487138
1.832255 -0.3261806 0.0005660254 -1.401373 -0.9659248
0.1318634 0.6745238 1.092595 0.4677638 -0.3452143
-1.502035 0.4944268 0.4967106 0.1081219 -0.2569117
-0.4468771 -0.545725 -0.3287788 0.4129626 1.168278
0.5115319 0.3488486 0.1661568 2.314991 1.570433
-0.8734515 0.5463348 -0.786194 1.841732 0.7559876
0.09062261 0.1581464 2.242213 -0.6632494 -0.1151009
0.8070616 -0.722413 -0.00397685 0.5208774 -0.7822805
