-0.31947 0.3932879 0.824066 1.706068 -0.1863365
-0.4176954 0.2743717 -0.2870871 2.187383 2.320578
-1.164308 1.237679 0.2567863 0.4139634 0.2988814
0.625806 0.3602918 -1.586901 1.481012 1.689323
-0.9685709 -1.373001 -1.862522 -0.003853592 0.197908
-1.536876 -0.4289204 0.2553058 -0.4794789 0.1610427
0.3002991 0.6292361 -0.07666678 0.5773451 -1.017144
0.7664148 1.94691 0.2236168 -0.9133459 -0.6485342
2.643808 0.2133424 0.001516851 0.6274899 0.1963866
1.841313 0.4451831 -0.3399891 -2.644363 0.9815587
-1.426476 0.01562285 1.238171 -1.520727 0.02866173
0.9417887 1.127309 -0.4956633 -1.281818 2.478697
-0.5753371 -1.162897 0.06696364 -0.4452416 -2.041056
-0.1424219 -0.2399874 -0.7128066 -1.795456 1.756779
-0.4422246 0.8873903 1.711943 -1.734359 1.178013
1.351611 1.40375 1.014284 0.4206976 0.704412
2.7838 1.456261 -0.1964485 0.144947 0.9406138
1.690743 0.3015226 1.62148 -0.06181628 1.088488
-0.858084 -0.2699596 0.6011119 -0.5910668 -0.9310468
0.1772703 -0.1600653 -1.119772 1.224629 1.32728
