0.4242585 0.300024 -0.370127 -0.1554382 -0.2667438
-2.272937 0.5830019 -1.150753 -0.4038128 -1.069282
-1.230947 0.08440525 1.313458 -0.9535478 0.6648255
-1.00647 0.03243281 0.5856645 0.3447946 -0.7070226
-0.4184143 -0.8284375 -0.4806833 -0.6928255 -1.004129
-0.04605485 -0.6248246 1.231529 0.4899066 -2.235075
-0.0410536 -0.4354533 -1.202901 -0.5056257 -0.2469623
-1.734393 0.8902756 0.6722421 -1.262741 0.5993784
0.7591775 0.8244695 0.6608489 -1.852196 1.490101
-2.413937 0.1401776 -0.1669118 0.2909234 -1.958084
1.088332 -0.1510288 -0.6989193 -0.9114407 -0.5413951
0.4717809 1.973653 1.703738 0.4748429 1.30377
-0.6076898 -1.197565 -0.6227986 -1.114448 0.8863925
-1.069578 -1.557557 0.9595039 1.854917 0.9353775
-0.8465099 -0.2617349 0.5824811 -0.7741198 0.6370322
-0.2308871 -1.159886 0.044156 -0.8215312 0.190126
-0.1086994 -0.4488731 0.2659265 -0.09335454 -1.643643
-0.3450347 0.923173 -0.9549884 -0.2553161 -0.008490617
0.07518133 -1.564749 -0.1261358 -0.7319589 -1.102468
-1.357694 0.08370881 -2.028062 0.7999756 0.1236383
-0.1516178 1.283283 0.6290194 0.5512093 -0.6502664
-1.167872 -1.510711 -1.441786 -0.08338607 1.164329
0.04766244 -1.202956 1.062219 0.7492966 0.294108
-0.8017174 -0.6083452 -0.8195926 0.6096334 0.9057603
0.3460789 -0.1100032 -0.2120612 0.8301579 1.491043
-2.023296 -0.2206299 -0.5183493 1.252912 -1.531378
1.101505 -0.6060199 0.1388886 -0.79248 0.9306114
-0.352768 -0.9344777 1.052222 -1.206286 2.006332
-0.2640936 -0.4814905 2.266632 -0.1934108 -0.1822859
0.8941639 1.380074 -1.934225 -0.5263607 1.74555
1.38427 -0.02598463 -0.6987094 0.2374259 0.5281944
-0.7116708 -0.276747 0.9181953 1.055395 -1.973634
1.666218 0.1768107 0.2854323 -1.232469 -0.05038628
-0.4700626 -1.107668 -0.1743236 0.3991561 -0.3673934
-1.409525 0.7821786 -0.3096544 -0.2884785 0.5873898
-0.1266604 -0.3183671 -0.2741492 1.027516 1.331734
0.2170352 -0.4844498 -0.3047634 -0.8633617 -0.6820252
1.39882 0.971295 -0.2751672 -1.099123 1.695512
0.06482824 0.7716102 0.9714183 0.5110329 1.079177
1.251147 -0.7226362 -0.3238238 0.2817331 -0.1711737
-1.342454 -0.02497493 -2.136256 -0.8414115 -0.6084616
0.5599902 1.031567 -1.215764 1.49006 -1.187486
1.814271 0.1892164 0.06602177 1.243148 0.2655134
0.5958878 -0.8694004 -0.661727 -1.084763 0.2120698
-1.634231 -0.7984662 -1.173604 1.280665 -0.9466652
0.0505232 0.9934113 -1.155625 0.9126083 1.123505
-1.185292 -0.04498031 -0.2310992 -0.2368083 -0.8904187
-1.250292 0.7415428 -1.499941 -1.343848 -2.021213
0.2742626 -0.1225247 1.1965 1.260235 1.033007
0.09453103 0.2271398 0.7976656 0.1200965 -0.2972817
-0.8245426 -0.6475249 -1.094171 1.228497 1.503764
1.251154 3.285625 0.1026205 1.121311 1.487196
-1.183008 2.269997 -0.3907459 0.08863556 -1.952629
-0.6295964 1.250063 -1.02714 -0.3768123 0.2616345
0.2395512 -0.5615017 -0.6158836 -1.884579 -1.534752
1.711531 0.01658698 -0.287363 -0.01549359 -1.454259
-0.1392538 0.1453002 0.9704768 0.934265 -1.010072
-0.9222848 -1.070753 0.0270076 -0.2225749 -0.1673888
-0.3417234 0.3351138 -1.110344 -0.1270793 1.033314
-1.86518 -0.3214197 -1.275597 -0.3897984 0.5278296
-0.9496762 1.408725 1.330885 0.5609394 -0.9948995
1.110709 -0.8756104 -0.323122 -1.975124 0.02008798
-0.08722081 0.364101 -1.46911 -0.1019137 -0.5051172
-0.05731161 0.3483724 -0.8190699 -0.971889 -0.0009974073
0.07607945 -0.6127477 -1.531326 0.7622634 0.7244734
-0.5783353 -0.486349 -1.178482 -2.694118 1.694647
-0.8694101 -0.5193157 -0.06698876 0.593785 -0.9796971
-0.5146969 -0.0903151 -0.8721221 0.7232304 0.2213988
1.306222 0.7878319 1.479214 0.2245139 -1.167797
0.0734566 -1.942832 0.2073256 -0.3090498 -0.03999456
0.52666 -0.7663218 -1.46504 1.324786 0.9189172
0.9019931 1.641738 -0.6891733 0.04418218 -1.081059
0.2227223 -0.1657037 0.2579846 0.6980166 1.548655
-0.3659974 -1.159113 0.5058324 -0.38348 1.093268
-0.4330151 -0.2612247 0.7404191 0.4973377 -0.1601514
0.1098569 -0.2372462 0.01662301 0.1762492 -2.686794
0.797707 -0.4478798 -0.0389712 1.118603 1.274338
-1.100954 -1.147797 -0.02621272 -1.00451 -0.8738425
0.07032038 -0.3960757 0.3735248 -1.013182 -0.2842353
1.178724 -0.6506122 -0.3486641 1.175084 -1.073112
1.035293 1.152508 -0.7454042 -0.1620638 0.2120386
0.9725601 1.799473 0.7536669 1.915238 -2.344634
-0.8183371 -0.4334748 0.1532808 -0.2189609 0.8101179
-0.162817 -0.1936387 -1.874586 0.5604075 1.115458
1.73914 -1.222679 0.4677718 1.889611 2.609231
-0.9226006 -0.5262556 0.3394975 -2.162951 1.754287
0.373663 -1.123825 0.7794176 0.4643366 -0.003968018
-0.3576293 -0.1226398 -0.8829539 -0.9958041 0.03992147
-1.213156 0.1947495 1.801903 0.548428 -3.073861
1.301479 -0.9411761 0.1103034 0.3717357 0.3128232
0.4729212 -0.1312233 -0.3979207 -2.24199 -1.040623
0.9832575 -0.9653408 -2.384787 0.160923 -0.5393841
-0.08483668 0.6261068 -0.4303895 -0.8832644 -0.9649586
0.7332005 -1.049694 0.1121431 0.6176491 1.092146
-0.03292863 2.136886 -0.4449987 -0.1509979 0.2162439
0.3148096 -0.1101872 0.8669735 1.401532 -0.2681164
-0.7786551 -0.2790284 1.580633 0.2630048 1.766662
-0.1902206 -0.320946 -0.2056664 -0.9984222 -0.7436167
-0.6547013 -0.1600221 0.1420045 1.19481 0.05258587
-0.8204898 1.099377 -1.227658 0.009638934 -0.836503
0.108726 -1.844931 -1.001518 0.1507335 -1.069427
-0.5684011 1.636533 -0.437324 0.4151357 2.085838
0.81381 0.986396 1.432097 -0.258103 -1.351782
-0.1883063 0.356746 -0.1428539 -1.615433 -0.809379
-1.901054 -0.1201438 -0.858178 -1.449768 -0.2894283
-0.4316457 -0.5564418 -0.09271996 -0.5718671 -0.3683726
1.488079 -1.320057 0.5597858 -0.3661136 0.2333128
-1.52665 0.270161 -0.07830597 -0.1884971 0.2909514
-1.410088 -1.231075 0.3214753 -0.413851 1.65913
0.4314616 -0.8968912 0.4791195 -0.26377 1.320996
1.40909 0.1970503 1.614641 -0.7258135 0.2311442
-0.4177403 -0.003211518 0.1039517 2.5047 -0.6754504
-1.206322 1.330372 0.6999397 0.6020383 -0.2889244
0.02025662 -0.05180443 0.1539906 -0.8713316 2.608896
-1.409755 0.5936024 -1.548391 -0.3689828 1.383878
0.1300637 -0.1288507 1.234786 -1.47104 0.3953247
-0.5831388 0.1533918 0.9470898 1.152738 -1.636656
-0.8344503 -0.61695 -0.1150205 -0.3715385 -0.1277913
-0.4980317 0.9131865 0.5016007 -0.3331808 0.8517287
2.249226 -0.2909241 0.8230106 -1.266912 0.86283
-0.5323522 1.331959 0.3703136 -0.9597272 2.831423
-1.419953 -0.9920196 0.3064861 1.632544 -2.188305
-1.274998 0.6409944 1.795959 -0.8429753 -1.392317
1.635946 0.5415848 0.8124797 -0.09205355 0.2008841
-1.282598 1.567303 -0.6966635 0.2626622 -1.493545
0.9314063 -0.2633827 0.4383701 -0.1965214 0.2326193
-1.227213 0.9421115 0.3971181 2.538491 -1.394078
-1.257861 0.9431562 -1.130926 -0.1122978 -1.323113
-0.3918114 0.7450819 0.2611458 0.6033441 -1.039704
-0.02874716 1.413917 -0.5612261 0.04662345 0.2559231
0.4062145 0.4076299 -1.472489 -0.1862184 -0.7146483
-0.1214518 0.3273331 0.929905 -0.8087134 1.154856
-1.341545 0.4425957 -1.113756 0.1533147 -0.8361613
-1.175695 -0.6671261 0.3164099 -0.306465 0.4959886
-0.3294833 0.6935783 0.4949841 0.2975821 0.6168574
-0.4770626 0.11275 -0.7134994 -0.1207265 -1.14407
1.191422 0.914888 0.2340554 1.592753 1.228126
1.101288 -0.3406453 -0.3994938 0.1901437 1.521161
0.5797011 -0.5502021 -0.206218 2.040135 -0.9137057
0.2577538 -0.8536508 0.3346643 1.552535 -0.5394258
0.5126816 0.157424 -0.1467787 -0.4767634 1.163159
-0.7644735 -0.7859814 1.029519 -0.02164889 0.7832994
-0.8180956 -0.1775608 0.08969458 1.388526 1.40476
2.774058 -2.75339 -0.3353891 -0.542188 0.954233
1.103279 1.459411 -0.3628067 0.2658941 -1.365704
2.698563 0.3352617 -0.4933483 -2.458101 0.828962
-0.2167979 0.4628434 0.2197529 0.7256907 -0.7791089
0.4655521 -1.680583 0.182312 1.445939 -0.9595182
-0.5296268 0.06743502 1.010563 1.617611 0.5449615
-0.1015755 0.161506 1.699395 0.1167488 2.324575
1.398488 -0.7623428 -0.9351497 -0.3981009 -0.2588458
0.01035868 2.253356 -0.6661952 1.498964 0.08176444
0.4544441 0.3348814 2.093419 0.3214398 -0.3162812
1.134174 0.9259146 -0.1107205 0.5716759 -1.178617
1.342869 -0.4994664 1.749767 1.185238 0.3074545
0.2961936 1.481806 0.8086822 -1.752722 0.0008425088
-0.1646634 0.1189484 -3.726073 -0.7418305 -0.3745411
1.122709 -0.09579895 -1.32735 0.5629329 -0.7426574
0.6468592 -0.1533082 -0.04377613 0.05188336 -0.336134
0.1465649 0.9091136 -0.1453929 -0.5453411 -0.01629817
0.04372458 1.150598 -2.148251 0.5186122 -0.4741739
0.04489406 -0.8664671 -1.257633 1.139371 0.8724067
0.3769551 -0.1197624 -0.7640078 0.7429922 1.723962
0.2015076 0.3336481 -0.5465091 1.207156 -0.9072919
-0.4674353 0.4508054 -0.3905336 0.09821606 1.91143
0.8191551 -1.093591 -0.2627287 0.2643178 -1.40715
0.2893425 1.77777 -0.1687394 0.0256237 0.350271
1.375832 -0.02991369 0.3035182 -1.810425 0.1934556
-1.377927 -0.8907129 0.7355831 1.621092 0.812864
-1.175707 -0.08546342 0.6432134 0.3672337 1.627456
0.2109808 1.090929 -0.3767781 0.6465614 -0.8083228
0.2162618 1.263942 -1.480733 0.4703777 1.315154
0.08024718 -0.7022326 -1.996857 -0.185848 0.6037284
0.3658073 2.080866 0.398695 -0.2925396 0.1704036
-0.7251241 1.027366 0.4068318 0.2833816 0.006523263
0.2465772 0.09906354 -0.1181776 0.467238 0.9546909
1.476884 0.2376019 -0.1210387 -1.104233 -0.5910823
1.42676 0.174979 1.100679 -0.3771198 -0.529623
0.5195551 -0.482141 -0.8578491 0.6477534 -0.5656212
-1.201964 -0.9595055 1.147074 -0.07080464 -0.04239405
-1.14376 0.4149882 -0.9894276 -0.3384588 -0.8547392
-1.549098 1.623315 1.019157 -0.499981 0.4655469
0.4135134 -1.79185 0.4191252 0.731769 -1.394147
-0.8352004 -0.6971128 0.1044018 1.241668 0.2372074
1.520424 -1.617398 0.6222407 -0.2756864 1.622177
-0.09877655 -1.208188 0.3385857 -0.2522819 0.4358553
0.6391689 0.3872721 -2.383596 0.5518757 1.356803
0.6879617 -0.598946 -1.186149 -0.718955 0.415932
-0.01709452 -1.406009 0.544882 0.1637258 0.4174248
0.7594961 -0.001584457 0.8103791 0.2260743 1.3364
-1.029263 0.1488861 0.9499003 -0.1551115 0.6599768
1.830079 0.394039 -0.488121 -1.199087 -0.4792733
0.9715848 -0.03741412 0.742716 0.1701246 -0.3109896
0.8356917 1.083426 -0.8976312 -0.5152371 -2.777787
1.522946 -1.175424 -1.473504 -0.1481392 0.4368634
-1.48451 -1.529516 -0.4444895 0.6832034 -1.029748
0.4401558 0.6601347 -0.3966001 0.4513911 0.6184112
-0.01358241 0.5683894 -0.9014548 -1.85064 -1.349015
0.1500342 -0.1846645 -0.794573 -1.088637 -0.2757647
-0.06750984 0.5051622 1.388794 0.1269273 -1.678076
-0.8954337 0.05266257 1.120381 0.3183503 -0.1756176
-1.113633 0.1123836 -1.309416 -0.03085979 1.052983
-0.6176297 -1.002978 0.544539 1.728257 0.08886792
2.352608 0.07294943 0.05709196 -1.663518 0.2568293
0.1591799 -0.128183 -0.07439493 -0.4577484 -1.277833
1.107511 0.3271786 -0.03158822 -1.052684 2.917935
-0.2533567 -1.372321 -0.3920478 -1.175214 0.1847372
1.111955 0.2761463 1.749699 -1.268179 0.8709946
-0.4068286 1.332571 -0.7553136 -0.807448 0.3854377
-0.0252749 0.6022584 1.491099 0.7841725 -0.8448137
-1.162218 0.4444475 1.583279 -0.07475094 -1.445407
0.9974409 1.217591 0.653671 0.6668545 -1.455051
-0.339887 -0.1530609 0.4256628 0.9763555 -1.01225
0.4001346 -1.962491 -1.587517 0.5991885 0.5502407
1.307411 0.4803624 0.259093 -0.3077788 0.1847455
-1.549456 0.509395 -0.5248566 -1.06989 -0.6201196
0.5277672 -0.8565487 0.3509241 0.2112006 -1.650869
0.2175943 -1.482188 0.08432832 -0.4256783 1.543518
0.5912741 0.6517476 0.04290376 1.603899 0.1629011
-0.06278143 -0.003990084 0.574326 0.4608993 1.000731
0.3653705 1.127127 0.8876885 0.3325868 -0.04113985
1.042519 0.1063287 2.656145 0.7156488 0.6721828
-1.094814 -0.834989 -0.3585792 -0.3126283 -0.9062175
-0.7103448 0.8454826 -0.07805316 0.07653349 0.6238586
0.6437491 -0.1776344 -1.88142 0.5328126 -1.158529
1.674312 0.6866614 0.6023214 1.562965 -0.2793042
1.436921 -0.5680414 -0.4080206 -0.4643662 -0.5298863
-0.8357692 0.5955316 -0.4974793 -1.003397 0.3640363
0.2260109 -1.921919 1.268391 -2.0884 0.1406021
-2.441554 -0.9025828 0.5590556 -0.6397795 1.261533
-0.3794723 -1.20805 -2.676894 -1.032297 -0.5693661
0.4453909 2.115742 -0.5275694 0.5574067 -1.079056
-1.044982 0.003445051 0.7764458 0.01349234 0.7458436
-0.4956579 0.8790476 -1.130199 -1.458277 -0.3907657
-0.6436165 0.6854927 2.457622 1.4802 -0.7526588
-1.124865 -0.9459938 -0.2496647 0.7354678 0.6148494
-0.4401315 1.653572 -0.9500227 -0.7671519 1.87017
-2.625716 -0.7226157 0.6349605 1.307701 -1.060221
-1.21412 1.669908 2.499155 0.161522 -0.8156206
-0.1921734 -0.4589134 1.057064 -1.249674 0.3840277
0.5075653 -0.988858 0.1431488 0.3709482 -0.5274495
-0.8484687 -2.019762 2.06728 -1.490048 1.606884
0.5682087 1.515466 -0.725722 -1.536448 1.688525
0.1294152 0.9836938 0.8888557 -0.4796072 -1.821826
1.386674 -0.2975657 1.430017 -0.2800511 0.6280661
-1.369203 -0.7265237 0.2961896 1.769469 -2.367463
0.4246281 -1.275216 -1.353237 2.016558 0.02861374
-1.496735 1.984288 -0.2056388 0.1100906 -0.1928506
0.5762292 -0.670898 -0.3851286 -0.4691966 0.09881389
-0.1322884 -0.4200677 -0.3208425 0.2875049 2.004953
0.0486731 -0.04816272 0.868846 -1.783095 -0.4087761
-0.8890091 0.9680441 -0.7986928 1.471758 -3.363689
-0.9460169 1.041365 -1.459796 0.08786346 1.282333
0.9453949 -0.448233 0.6505494 0.3060134 -0.7180688
0.5538317 0.65146 -0.6556509 0.08961025 -0.6722561
-1.204391 0.3393319 -0.2731416 0.008488319 -0.2240456
1.875845 -2.483209 -0.7188391 0.42013 -1.451144
1.100066 1.630473 1.92533 0.2693056 -2.302439
-0.1879852 1.287767 0.2276043 0.259935 -1.172288
0.4508378 -0.7328658 1.637535 -0.5889967 -1.03987
1.353821 -0.8906496 0.6640195 0.9805208 -0.04964194
-1.749918 -0.9608911 0.8375999 -1.157764 0.664628
0.4751515 -0.01372516 0.5934042 1.354498 -1.090273
0.4810824 -1.151075 -1.347573 -0.02417255 1.44542
-2.106774 0.347016 -0.4783827 -0.434007 -1.236945
0.9683254 0.9769836 1.433919 0.3133173 -0.6650388
-0.7861513 -0.6231131 1.849371 2.192636 0.6480068
-1.294614 -1.189071 -0.8081699 0.3460528 -0.5167691
-1.001557 0.2123285 0.2966232 -0.1128799 -0.4648362
2.023056 1.221525 0.7568582 0.3587783 0.4776445
-0.2300604 -0.8784158 0.5543364 -1.149364 -0.620739
-0.971359 1.522263 1.914956 0.2971326 0.1052162
1.204736 -0.2030779 -1.735647 -0.3662276 0.1081501
1.439031 -0.4897551 0.9547121 -1.332909 0.7767318
-0.8331864 1.20085 0.1221575 -0.6932484 -0.5078192
-0.2505783 0.4008261 0.3217375 -1.525044 0.7693325
0.05952136 1.279615 -0.05468786 0.06881121 -0.5820801
-0.5843702 -0.7013805 -1.335705 1.355759 -1.053575
-0.4791698 -0.2207555 0.2444197 -0.3351848 0.06362013
0.1881505 0.0640494 -0.2846387 -0.5399576 0.9914154
-0.7287888 0.9411841 -0.4860503 -2.413396 0.3157003
0.01951339 -0.5148965 0.05723451 -0.3734275 -0.6297624
-1.352679 0.8514767 -0.00277343 -0.6626557 -0.1645489
0.5386916 0.9567341 0.1984374 -0.8082717 1.376702
1.803425 -0.5464818 0.2110602 0.2302285 -1.685945
-0.06636986 0.7231869 0.7238103 -1.444966 -0.6195367
-0.8383146 -0.9293147 -0.01517625 -1.161069 2.020618
-0.1390502 0.7167811 -0.8972514 -0.3092064 1.271558
-0.2846849 -0.2184607 -0.2558851 1.088583 0.8789466
-0.04875307 1.192178 0.2982548 0.7910406 -1.216957
0.7584622 0.1869787 -2.012059 -0.3250865 -0.4981622
1.544349 0.9413639 -0.6110995 0.8665095 1.012957
1.48428 0.2595988 0.2023195 1.305208 -1.189757
-2.144499 1.37795 0.05539558 0.5327454 0.02969688
1.497266 0.1609212 0.8257797 1.378561 0.8924475
-0.3977571 -0.360596 -0.2943667 0.6655423 1.694764
-0.6241903 -0.3142504 -0.2786145 -1.275317 0.7662055
-1.212199 -0.3949029 -2.485114 -0.312576 -1.806499
-0.4522393 -0.8933541 -0.0379353 -1.091352 0.5484979
-0.1544663 1.382468 0.6357197 -1.812421 1.593197
0.4892886 -0.9603978 -1.864044 1.425964 -1.167513
-0.5310909 0.4171898 -0.5384924 0.1913985 -0.1016385
0.6587342 -0.6151474 1.190172 -1.224784 -0.1574403
-0.1200406 0.249204 2.614135 -0.3758477 -1.058155
-0.9719985 2.235535 -0.1871249 -2.114194 0.1041688
2.414484 -1.191461 -0.2706237 1.513951 1.245538
-1.005138 0.5506956 -2.119391 0.4948016 0.4154352
-2.544786 -1.095898 -1.292766 -1.300252 0.01440158
-1.053779 -0.1333418 -1.003974 1.943971 -0.08376345
0.09033358 0.6343607 -1.367171 -0.4797437 1.805724
-0.5619062 1.6081 0.08071368 1.43426 0.9061711
-0.6561505 0.4356992 -0.0003808574 -2.108956 0.347994
-0.5516211 1.01307 0.1971616 -0.5290349 -0.7356851
0.2156167 0.2294343 -0.01307712 -1.087579 2.389331
0.2064608 -1.269856 -0.6814436 0.1876818 0.3507587
0.241488 0.3867649 -0.6876187 -1.130323 -0.2117177
-1.327476 -0.7960059 -1.379572 -0.4178797 0.05176359
-0.3253632 -0.244088 -0.71699 0.8442042 -1.267782
-0.8123854 1.082095 -0.8051584 0.8495284 0.08226624
0.7557294 -0.4256079 0.598671 -0.4116028 -0.6320198
0.3111668 -0.1129676 0.9132995 -1.429975 -0.9807034
-1.031638 0.3926701 0.6896964 1.073249 -1.441492
-1.885726 -0.5885901 0.3280859 0.1676739 -0.3268344
0.9365492 -0.9792767 -0.3841755 0.9190765 -0.3429037
-0.2163249 -0.8422306 0.8745224 -1.114333 2.912843
-0.5363499 -0.791547 -0.6624392 0.6566401 0.08618466
0.9829011 -1.215173 -0.8944405 1.822927 0.7230139
0.06713613 -2.136894 2.193533 1.454603 -0.4958296
-0.1042095 -0.7884957 0.1396681 -0.4990955 0.03961464
-1.156213 1.212907 0.09885266 -0.3011635 1.765072
-1.945729 1.820142 1.197118 -0.6007678 0.8516546
-1.096193 -0.8738561 1.491299 0.8025942 -0.6986525
1.909614 0.2832742 -1.05892 -0.164852 -1.562872
-1.097152 0.9149186 0.3712641 0.2743336 0.6576475
-2.995793 -0.5152304 -0.5768338 -0.3883235 0.757783
1.832843 -1.228998 -1.087753 0.6828489 0.3602512
-0.2263925 -0.9088688 -0.07080512 -0.2902424 -0.0001578545
-0.3806599 -1.779635 -1.45391 -1.269445 0.5753269
0.4051283 1.338667 -0.6674901 -0.3888352 1.176187
0.8170727 1.37884 1.390508 -1.207481 -0.2275746
0.8160391 -1.653911 0.6789495 0.1946553 -0.1847071
1.242248 0.1080905 1.696906 0.1581408 1.041357
-0.07765186 -1.156997 1.936338 1.62656 -0.03717779
-0.1695349 -2.703596 1.985578 -0.07130697 1.462926
0.3240363 0.6146225 0.1214714 0.3436343 -0.2039307
-0.6551107 0.4914383 -1.038138 0.2958511 -0.1057231
-0.1895796 -0.7217042 0.3799542 -0.4616064 0.8775372
-2.602082 -0.6285677 -0.9184941 -2.584808 0.3552117
-0.03054003 -1.056518 0.9032332 1.406525 -0.1480797
-1.783842 -0.9185195 -0.2764529 0.8972215 -1.615854
-0.415145 0.1324423 -1.742943 0.7551107 1.646238
-1.162166 0.2370396 -0.6562855 -0.7768932 -1.665161
-0.7019475 0.5171109 1.036216 0.169944 0.5506414
0.4927879 -1.498642 0.09435069 0.02989886 0.05838447
0.06609806 -0.7485451 -0.5055429 0.4551444 -0.05173688
-0.005547874 1.019637 -0.8124992 0.3641077 0.277182
-0.6484974 0.8254872 1.518074 0.3830813 0.7824872
0.8411756 -0.007891513 -0.0824661 0.09617311 -1.455808
-0.2357393 -0.8299345 -0.6075915 0.3244943 -1.098784
0.6838103 0.9513411 -1.126855 -1.200568 0.1904563
-0.6210683 1.01715 0.1199447 1.381305 -0.6366068
0.7969131 0.5930211 -0.4351271 1.061857 -0.14593
0.3941174 -0.8814978 0.9052827 -0.1307532 -2.026783
-0.5808952 -2.037478 1.076132 1.010463 -0.1543766
1.089869 1.031461 0.4151739 -0.9557858 -0.9401285
0.6917614 0.0924763 -0.1529614 -0.7420218 0.1600714
-2.758871 -0.8800963 -1.089917 1.016612 -0.2411159
-0.2944803 0.2868514 -2.314393 -0.06260043 -0.04876897
2.284675 0.3128759 1.862138 1.399114 -0.3646597
0.3017663 0.9701739 0.876822 1.00734 -1.198591
0.2407624 2.122791 -0.7388036 -0.8214678 0.1225297
0.2410994 0.027644 0.9609723 -1.21447 1.447242
0.5265948 -0.8416702 -1.599734 -0.7572958 0.4149632
-2.339856 1.714253 -0.8965635 -0.5518083 -0.3686025
1.106014 1.249381 -1.87404 -0.1375025 -0.4628057
-1.064136 -1.423325 0.8647568 0.015274 0.0774432
-0.8483667 0.7119242 1.02809 -0.6351357 -1.342976
-0.07122714 0.9439543 -0.285235 0.05676072 0.3014084
1.046728 0.6632568 -0.1549205 -0.7705817 1.2437
0.09767038 0.1257319 1.136813 0.42563 -0.03594378
0.7317168 1.588577 0.9475483 1.204277 1.10898
1.263098 -0.7096321 -1.414063 2.907789 0.26066
-1.563603 1.962521 -0.4542072 0.04197413 -1.402415
0.1526695 -0.2710086 -0.9561397 -0.6784389 0.2734294
-0.9910081 -0.1361476 0.1868676 0.4371255 0.422176
0.6242371 0.04034262 -1.281123 -0.9353398 -0.8764679
-2.802991 1.700849 0.5485014 0.9343427 0.3834145
-0.7610551 0.9006691 -1.055956 -1.327741 0.2598308
0.242052 2.0214 -0.3228871 1.330729 -0.9130418
0.4196103 0.3791796 0.7172334 -1.122012 -0.7887839
-1.406669 -0.4660975 -0.8347028 0.2900398 0.7453726
0.2941976 0.8702672 1.008948 1.722254 -1.455868
-0.8954711 -0.4205559 0.1025447 0.7555598 0.4037241
0.3267837 -1.010578 0.3139075 0.8170309 -2.717398
-1.381219 -0.2836212 0.7278005 0.1988358 -0.2812126
-0.3342819 -0.3036896 1.136931 -1.800191 0.05444673
0.2470926 0.6158631 0.6748414 0.3918882 1.303388
1.886789 -0.9953664 -0.301888 -0.5689861 1.13205
1.17062 0.5407764 -0.07319489 -0.7105113 0.4442452
0.8006849 0.7507375 3.175708 -0.4071213 -0.5839214
1.141157 -0.5723362 2.301698 -0.3121451 -2.015254
0.469146 3.764126 0.8341694 -0.08912181 0.2553207
-1.131617 -0.7564024 -1.915598 -1.623362 0.3937908
1.136552 0.5652931 0.5039472 -0.9351021 0.8348473
-0.7137782 -1.065527 0.985894 0.03246997 -0.4311429
-0.2849398 -0.4436069 1.22303 -0.8005584 -1.116225
-0.8849748 0.0902389 -0.5319193 -0.3890851 -0.1493275
-0.7827948 -0.1737512 0.2563761 2.078207 -1.167576
0.8774745 1.946161 0.4738906 0.5947093 -1.103504
-0.5494737 -0.314075 -0.5461065 0.5575563 2.149392
0.241831 0.9916857 0.9134065 -2.022912 0.7267394
-1.448536 -0.00725165 1.041981 -1.470762 -1.929089
-0.1424759 -0.2505844 -0.5671262 0.7003518 -0.1223142
-0.5384653 -0.3368494 -0.4658431 -0.1026576 0.4755196
1.148699 1.04363 1.239896 -1.097713 -0.1505466
0.3321093 1.297381 0.1836491 0.5410605 1.48841
0.2899997 0.1551753 0.8432087 -1.540824 1.440777
0.2798373 1.423964 -1.358152 1.355699 0.4297857
-2.094984 0.2593805 -0.4890615 0.5431791 -1.103237
0.4938946 0.6753243 3.232491 -0.7587079 0.7461399
2.183537 -0.3768981 0.6971076 -0.6653228 0.5889178
-0.3839976 0.008028862 -1.423989 -0.9364237 -0.2231642
-1.282973 -0.2321575 -0.4950564 -0.4572823 -0.8062072
-0.3359285 0.7891232 -0.1284771 0.06467118 0.04384799
-1.975894 0.5481738 -1.230439 0.1895126 1.61531
-1.358872 -1.168457 1.247922 1.023517 -0.7258953
-0.02472807 -0.7875167 0.7396489 -0.503112 -1.827747
2.26424 0.9521539 -1.133523 1.201398 1.006217
-0.2930429 0.0688466 0.1843786 -0.3725359 -0.6508186
0.61304 0.288186 -1.36931 0.5397137 -0.5834278
0.2520542 0.2325836 0.7069729 -0.0775385 1.551965
-1.810447 0.03116478 -0.15471 0.8575298 -0.4621065
-1.096609 -1.407288 -0.1794669 -0.7979119 -2.42689
-0.7969427 2.439408 -1.204567 2.244248 -1.018494
0.3169458 -1.479436 -0.2810643 0.7349569 0.3174356
0.6436903 -1.222752 -1.887481 1.578701 0.6698165
-0.1710713 -0.3340404 -1.553171 -0.8438946 0.5129664
2.083215 0.9222213 -0.2602403 1.575127 -0.4275127
-0.5808437 0.001324881 -0.5653261 0.8097813 0.008815158
-2.191375 0.1185839 -0.9702139 1.267619 1.060922
1.432201 0.3692771 -0.5524236 0.21833 -2.0411
-0.7020089 0.8129373 2.382965 0.6198904 0.08586651
0.1076207 0.5013011 -0.8760167 0.3582078 -1.050384
-0.5711653 1.560172 -0.6580178 0.823257 0.06170579
0.04579515 1.839955 -0.2599828 1.310969 0.7148695
0.2894748 1.4146 0.1098833 -0.4582506 0.1661771
0.3468983 1.115402 0.5091763 0.2141762 -0.699965
-0.7530464 1.141573 1.69377 -0.08451918 1.044013
0.2542145 0.5211109 1.759737 0.6335585 0.5721636
-0.6261962 -1.161449 0.1234515 -0.3294131 0.2749395
0.3764273 -0.3402135 -0.7941071 0.4860089 -0.1097769
-0.1077497 0.5384007 -0.7596984 -0.2072837 0.3802697
-0.7596482 -0.8838085 -0.922793 2.247894 -0.409498
0.4487411 1.010103 0.08883244 -0.6927774 0.5204384
0.1406973 -0.7436961 -0.500515 0.7353006 -0.08029192
0.1833365 -1.101282 2.339046 -1.111207 0.2770599
-0.6140983 0.2337313 -2.821318 0.9770589 -2.055288
1.471811 -1.099772 -0.9764554 0.2922745 0.07385515
-0.06844219 1.907144 0.5033066 1.476311 -0.644228
-0.2058535 -0.8945895 1.659486 0.8990306 0.236545
-2.461254 0.9958728 1.376077 0.1444565 -0.5436693
-0.43839 1.201923 0.2006438 -1.479551 0.3879823
0.6498174 1.533535 0.5894204 -0.9456093 1.261304
-0.2296714 -1.357249 -0.7672323 2.106933 -0.2186209
0.3477457 0.5861202 -2.077459 2.074937 0.143983
-0.3696182 -1.017744 0.5845686 -0.3210982 1.54731
-1.55969 0.219259 0.6930387 0.8508423 0.8108809
0.5983849 1.132927 1.420979 -2.143611 -0.259998
-0.8380343 -0.9692277 1.066636 -1.324815 -0.6003732
0.2640347 0.8814296 -0.5365723 1.280929 0.223138
-0.8007526 0.977509 -0.3907772 0.4757307 -0.8530272
0.6564855 0.04254057 -0.6434986 -0.8775827 -0.7034437
1.386611 0.5063731 0.6418761 -1.628069 -0.8804262
-0.365187 0.8462089 -0.8253833 -0.6140656 -2.755904
2.751653 1.407516 -1.965163 -0.7391986 0.7041034
1.633859 0.4994456 0.7985656 1.843768 -0.1093301
-0.04929169 -2.319195 -0.7223018 0.1608704 -1.101997
0.6462241 0.7663425 0.2132231 -0.8608635 -0.7158559
-0.6516729 -0.9591078 0.6972605 0.8391441 -0.6345327
-0.02111838 0.911928 -0.3422085 0.2940652 -0.1162343
-0.7176244 -0.9247025 0.6246667 0.6414995 -0.1986256
1.238685 -0.2735261 -1.07734 -1.906367 1.606001
1.500849 0.2012181 2.138411 0.006653523 0.7317053
1.583445 1.196603 0.3822602 -0.2892799 -0.3291472
0.08110963 -0.6060039 0.3204163 2.040441 0.6319512
-0.1953308 -0.2955572 0.3343155 -1.298435 -0.6662005
0.1482678 -0.5729199 -0.3055926 -3.147354 0.1954981
0.9825445 -2.647204 0.7883474 -0.4738138 0.2221598
0.8921422 0.9260114 0.6435314 0.003637615 -1.295786
0.2239073 -0.9734059 -0.6622766 -0.366668 -0.1982759
-0.5750542 2.502662 -0.5200182 -0.9961837 0.575752
-1.075097 -0.2855182 -1.22946 -1.148206 -1.317653
1.37359 -0.3382561 0.7928157 -0.8677375 -0.1184916
0.540589 -1.346258 1.39362 -0.2855688 -0.529937
0.3025863 -0.8746753 -1.342277 -1.561914 0.5651517
-0.7132218 0.3564738 0.7232227 0.1615109 -0.816335
0.4310333 -0.5286833 -1.656561 -0.4558041 -1.226269
1.152238 0.3238711 0.4684093 -0.4887328 0.3416577
1.018711 0.06260088 0.2336411 0.103225 -0.5666887
-0.3048225 -0.7839995 0.4536326 2.581556 0.8538733
-0.422974 -0.7482695 -0.936545 -1.100283 1.060221
-1.466554 1.15517 1.140106 -0.03546914 0.6982349
-0.6606872 -2.210356 -0.494047 0.8056859 -0.9157716
-0.1969321 -0.6259037 0.2866487 0.2719685 0.6432104
-0.5194271 0.3627309 0.3581305 -1.99974 -0.9998238
-1.125035 0.1312402 1.01699 0.1994783 -0.2456028
-0.8221477 -2.196701 1.867057 1.239749 1.252616
-1.510415 -0.1774727 1.956817 0.8080451 -0.7089831
0.6557649 -1.168296 -0.8791769 0.2451398 0.6891795
0.6687759 -0.3952006 -0.5164617 1.292983 2.632147
1.08555 -0.2735528 0.4905822 -0.4358628 -1.775776
0.6067724 1.447973 -0.6739272 1.197448 0.1963629
1.28283 -0.66334 -1.022042 1.970183 1.010523
-1.111841 0.3787749 0.9562522 0.8775121 0.3543378
-0.9058827 0.07777141 1.801884 -0.6464981 -0.1880957
-0.1303668 0.2734149 -0.4362729 0.05945926 -0.2540108
1.214235 0.422836 0.7045804 1.448053 -1.452187
-1.189983 -0.9625641 1.167432 -1.240045 0.2596627
1.5693 -1.68675 0.271311 0.06576639 0.3348195
0.6018953 1.127825 -0.9683433 0.3476224 -0.2414301
-1.367586 0.06033158 -0.1974289 -0.09359404 1.364608
-0.9915958 2.176634 0.7208748 -2.020256 0.4659624
0.04867728 -0.03349458 -0.7430082 0.2736405 0.8547187
0.4137067 -2.334195 1.085937 -0.5110436 -1.03267
-2.239633 0.3492647 -1.748026 1.563186 -0.9329784
-2.895241 0.2839522 0.3663158 2.297793 -1.851354
0.3038776 -0.7294465 0.3836097 0.9228454 -0.4774153
-2.196211 0.3128029 -0.1559097 1.734147 0.005767576
0.1770675 0.8078407 2.176383 2.74538 1.830849
-0.1259199 0.7844254 -1.283045 -0.8482263 -1.379058
-0.8917296 2.242157 -0.01375802 0.1412699 -0.1363489
-1.411213 0.8411811 0.8282017 -0.718907 0.01167346
-0.3517113 2.293966 -0.03183478 -1.077489 1.726084
0.3245084 0.08642854 0.3126734 -0.1278176 1.334708
-0.3464041 0.8446461 0.1414301 -0.532693 0.5906738
-0.3827912 -1.540739 0.4651945 -0.5629523 0.2200561
-0.42107 0.9790306 0.3124084 0.979497 -1.353494
-0.5998939 0.9200035 -0.4254542 1.694349 -0.8972826
-0.5579678 -0.4265405 0.5740002 1.935825 -1.813769
-0.4320762 -0.1987691 1.125236 -0.4800674 -0.8822522
0.4717689 -0.08421622 0.9302415 0.6282458 -1.230363
1.300398 -0.5919589 -1.056771 -0.03575899 -1.117476
-0.4228719 -0.3368041 0.8161032 -0.3238716 0.8928821
0.7177844 1.130195 -0.6831429 0.6756368 -1.020396
1.069867 0.9214797 -1.596339 0.9592096 0.3539158
1.165377 0.4314117 0.4468771 -1.28755 0.1927123
0.08861903 2.907205 0.8396516 -1.153865 -1.293341
0.6242176 -0.2673529 0.888943 -0.2793258 -0.7188691
1.719491 -0.7519165 -1.200298 1.234378 -1.007756
0.2924721 -0.9201132 -0.7980701 -0.9467615 0.9873203
-0.8320433 0.7494336 -1.040892 0.3767333 1.067363
-0.1220876 -1.668033 -1.721531 -0.5960703 0.7185869
0.3081411 -0.3119112 0.6236492 0.3859048 -0.5039256
0.2564206 -1.052802 -1.045619 1.377787 -0.9347796
0.2764941 1.894863 -0.7647833 -1.124049 0.702812
-0.4204804 -0.2802032 0.8122371 1.237847 1.688229
2.038023 0.4651591 0.5627075 -0.06260891 -0.3965335
-0.1159905 0.6252083 0.229313 -0.9327335 -0.9758162
-0.1805811 0.8281769 -1.2307 -0.2045542 -0.1208722
1.368503 -0.5385973 0.3893375 -0.5579298 -0.7285953
-0.8572697 0.309222 0.8913994 0.4388578 -0.3173806
1.084336 -0.8726533 -0.1988752 -1.959273 -0.6000944
1.613061 0.1101977 0.02761646 0.009958369 0.4319019
-0.5451423 0.6036868 -0.9811447 1.948965 -0.162275
-0.895888 0.367737 -0.9102046 0.09600424 0.09847639
0.1899321 -0.1641876 -0.006571771 1.954348 -2.24388
-1.431696 -1.978569 -0.8865131 1.398603 0.4628961
-1.255296 2.757177 -2.137093 2.259661 -1.597678
0.504962 -0.6718454 -0.1059499 -1.070911 -0.8508412
-0.1651643 -0.5212969 0.2663476 -1.393922 0.2579367
0.6805199 -0.1266316 0.9311692 0.2624491 2.91526
-1.202631 -1.448864 0.2523029 -0.9786277 -0.9230687
-0.3867159 0.1605964 -1.033561 1.423662 -0.4763242
-0.4290449 0.1057197 -0.9936387 -0.2431064 -0.7154503
-1.20961 1.915484 -0.05462798 0.98681 1.366871
1.353388 -0.2743436 -0.282096 -0.4543619 0.5070441
-0.413905 -1.496712 0.8572498 1.656429 0.1414881
-0.7027184 -0.3963653 1.278527 -0.4524588 -0.7823926
-2.825578 1.173721 1.502874 -0.4096535 0.04044224
2.00948 -1.801234 2.145933 -0.9836333 0.1944718
1.800637 1.537116 -2.518411 -0.2114497 1.02071
1.155984 -1.876184 0.1158269 -0.6447876 -0.8605362
0.08992989 0.5708303 0.3524736 -3.060942 -0.06599562
-0.4989964 1.510184 -3.15167 -0.3201737 -0.7327602
-0.2263798 -1.079557 -0.3561379 -0.2618889 1.264882
-1.176472 -0.01560648 -1.142289 0.7719084 1.118896
0.2518768 -1.716306 0.8045649 -1.673285 -0.6372586
-2.041665 0.7807689 0.1135389 -1.318649 0.3736579
-0.2162007 -1.035695 -1.611255 -0.2264943 -0.416898
-0.04025036 -0.06367605 -1.042891 0.1281239 0.0633897
-2.233444 1.972275 -0.1029464 -0.5120294 -0.9728442
1.281524 1.397277 0.4771931 -0.4060907 -1.79786
1.226243 0.6682816 -0.3250041 -0.09134089 2.510155
-1.293714 -0.9413027 -0.6082158 -2.030129 0.3313513
1.08213 -1.116044 0.1420031 -0.6120706 -0.5834087
-1.375396 -0.2666101 0.805466 1.372528 -1.338576
-1.255319 -0.6057495 -2.176579 -0.2981104 -1.568309
0.2453984 0.6645963 0.2117087 -0.4050266 0.02452622
-0.3364317 0.1445917 -0.2775312 0.6733057 -1.094923
-0.8842524 -0.4491938 0.6572149 -0.06143295 0.6999523
-0.9762735 -0.7926719 -0.8731596 -0.1410199 0.4262135
-1.755532 0.9139437 -0.01430896 0.409879 0.8738157
0.8572198 -1.56096 -0.5584953 -0.3556407 0.2138794
0.7156058 -0.3228328 -0.323107 -0.8194173 0.06846336
-0.2254419 -2.523818 1.2286 0.2067835 -0.7553822
2.393099 0.1544235 0.1035948 -1.208676 0.1229443
1.642642 -0.9922096 -3.11818 0.2047084 -0.08517569
1.328984 -0.2847614 -0.1213235 0.5400527 -0.01922137
-0.1383418 1.673446 1.490785 0.586385 0.7926484
0.9458881 0.7115502 1.147615 1.31196 1.108564
-0.7445243 -1.886712 0.672912 -0.9764234 -2.729509
-0.09483932 -1.060632 -0.6496941 0.6996989 -0.5459608
0.8577015 0.2540891 -0.01170973 -0.3620209 -1.113152
0.8995493 -0.7054654 -0.3870996 0.9268697 -1.03627
0.1294441 -0.8878064 -0.7014296 1.083754 0.6929279
-0.2003542 0.1720792 0.5857192 -0.5705019 1.200089
-0.08114015 -0.5541835 1.424857 -0.1230803 -1.442996
1.03486 0.8162085 0.4610718 -0.5714266 0.2474614
0.09768805 0.181497 0.8476571 1.556024 -1.41918
1.047175 -2.425101 0.0906581 -0.6350825 0.2418753
0.1391795 0.6918866 -2.370304 0.2494299 -1.141512
-1.771848 1.045846 -0.8866165 0.7659813 1.039801
1.195118 1.517762 -0.3016128 0.4619528 1.23965
1.317062 0.7103212 -0.5349097 -0.2713855 -0.6095461
-0.08807541 0.4482018 -0.222859 2.409905 -1.738996
-0.4855248 0.1904751 1.351177 -0.8822505 -0.2033424
0.2367932 -0.8653455 -2.355433 2.069642 -1.470412
-0.006956439 -1.809195 0.3707919 0.6419576 -0.9653557
-0.129601 -0.8451914 0.4240584 0.00436505 0.5691942
1.118652 0.8073132 3.210858 -1.068124 -1.089009
0.277739 0.6244123 -0.7869768 0.5194853 0.9371471
1.441691 0.6457592 -0.5855909 -0.4980516 0.3999097
-1.870985 0.1778284 1.234601 1.457432 0.7216832
-0.2052363 -0.2946408 0.7733159 2.124339 -0.0172253
0.09871029 2.468625 1.151134 -0.0888842 -0.1989923
-0.954259 -0.6120326 1.630315 -0.6046595 -0.2105573
0.008887655 -1.398852 0.8758093 0.2288163 -1.083458
0.5046555 0.8087203 0.2959632 -1.822958 1.905907
-1.096541 0.3560086 0.6578712 -0.7050864 -0.5171952
-0.8008613 -0.4322448 0.5332228 0.3660854 3.345149
-0.7596619 0.8451896 0.8888622 -0.7404731 0.4672315
0.886807 1.046263 -0.3358271 -0.04562039 -0.7448258
0.3563399 1.001992 0.4989247 1.497018 -0.5197188
-0.8221801 0.367857 -0.4379416 -0.6978355 -0.571672
-0.4721633 -0.5383039 -2.792178 0.3501965 -0.8750656
0.5414495 -0.1250067 -0.6465229 0.3394128 -0.4342008
1.630984 1.34455 -1.031072 1.633697 1.209735
1.956528 -0.7314352 0.6033121 -0.7178366 0.8569512
1.23931 -0.007185768 0.162936 0.09145684 0.0687263
0.4937009 -1.041145 0.3317272 -0.406545 -0.8586651
-1.715056 1.434185 0.6778912 1.183852 -0.7495133
-0.4086158 0.6627321 0.2324144 -0.3721121 -0.05173962
-0.4441593 -1.251829 2.53056 0.2664543 -1.175693
0.3733666 2.288606 -0.8966604 -1.572945 -0.8831047
-0.2517116 2.078127 0.1911345 -0.5876866 -0.9434402
-1.266812 0.6311482 0.9706188 0.4912691 0.4585932
0.5632503 -1.099912 0.06796629 -1.212704 -1.504276
2.148999 -0.6413428 1.296632 2.443854 0.5690937
0.6106467 -1.413089 0.2309754 -0.4917708 0.9761138
2.792988 -0.5591476 0.9863128 -0.1348768 1.25887
-0.5383868 0.8291884 -0.7855174 0.41 -1.176656
-1.281373 -0.3889221 0.7848101 -1.853131 0.5518032
0.5394948 -2.407665 -0.8902345 -2.82725 0.2729565
-0.8912217 0.01660125 -0.9588043 -1.022318 -1.621977
0.244804 0.8768781 1.471884 -1.39179 -0.880847
-0.8536596 -0.9106294 0.6956556 -0.8022179 0.8790505
-0.3697962 1.559699 1.471409 1.105125 0.2931325
0.8491659 0.2297139 -0.5647284 -0.5120827 -0.8016241
-1.192078 1.08263 0.7753098 -0.562503 -1.004096
0.1199479 1.98319 0.8722481 1.213608 -0.8360597
1.889611 1.294518 -1.387693 -1.37482 -0.01261302
0.4467011 -0.1960284 -1.033505 0.4438531 0.4942464
-4.262894 0.3959318 -0.7771651 -0.4547109 -0.1661555
0.7792639 0.3451999 0.4980188 -0.6767529 -1.211545
-0.333941 0.2096094 -0.1153504 -0.5659295 0.9597386
0.4380488 -0.5938507 -0.7733343 2.133225 -0.03560319
0.441854 0.685765 1.444439 0.3890774 -1.566373
-0.399373 -0.9118117 1.817652 0.9580598 0.2643579
1.264756 0.179072 -0.6011097 0.5212428 0.7885557
-0.730185 -0.9783491 -1.044157 -0.4508874 0.9490747
-0.8856564 -0.9704814 0.1994585 -0.5098203 0.9661872
1.647323 -2.451029 -0.4676514 -0.6868679 -0.05077755
-1.600407 -2.83222 0.09569197 0.4802126 -1.323045
0.1349783 -1.085249 1.744103 -0.1518585 -0.6065937
0.213312 0.1620139 0.5419673 0.1636986 -0.3060537
1.456613 -0.06130192 0.9665099 1.803898 2.36854
0.7262829 0.597382 2.170924 1.997983 -0.9918044
-0.1527359 0.5983618 0.5859751 -2.046555 0.5513341
-0.3369192 -0.9728513 -0.8228129 0.1210022 -1.382798
-1.326991 -0.7920059 -0.7566999 -0.3773233 -1.056021
0.8692558 1.708601 -1.208108 -2.03212 0.3026509
0.184931 -0.8693332 0.7907503 0.4477979 -2.224832
-0.6894406 0.6138312 0.396294 -0.4858126 -0.236545
0.1211702 0.4942895 0.4163536 -1.029755 -0.6031089
0.9817951 -0.7167817 -1.333008 -0.7740973 0.2683621
1.32657 -0.9807158 0.6819693 -0.8248209 -0.7106408
-0.6093985 -0.3863186 -1.127321 -0.4904608 -0.3641105
-0.1867545 -0.6353746 -0.4927924 -0.7508887 -0.3224886
0.8424641 -0.3910904 -1.119091 -0.1355747 0.4834825
-1.663725 -1.719924 0.144241 -0.6170912 -1.664768
-0.4390914 -0.350573 -0.06276572 -1.363282 -0.2972866
1.193779 -0.5646997 0.9317079 -0.8954565 0.3593595
0.3442258 -0.3001497 -0.3675938 -0.1708313 0.8770965
0.3188529 1.605262 0.0843401 -1.362659 -0.08589168
0.2852134 3.139666 -1.502143 1.177965 -0.6996689
0.9808592 2.223436 -0.1843693 0.4012314 0.7300596
-0.2094336 -2.795606 -0.3948702 2.129295 0.4199387
0.5243191 -0.1097428 1.840119 -1.473425 0.7430139
2.35011 -0.3215207 1.259471 -1.37291 1.050994
0.153457 -0.3669202 -0.5754628 -1.384209 -1.070262
-0.5841574 -0.2595956 -0.4568826 0.1277875 1.842823
0.9958318 0.01171018 0.3767099 -1.180073 0.005825808
0.006747064 -1.292468 0.008648139 -0.8409835 0.773593
-0.4379135 0.2867557 -0.6592947 -1.319875 1.289961
0.9932559 0.7674629 0.04246074 -0.3645438 0.03871035
-0.2116938 -1.152009 0.6236371 1.218683 0.1463437
1.950809 0.8203315 -0.214774 -1.076855 -0.03150255
-2.719781 -1.552444 -0.9964247 -0.509506 -0.3526037
0.3345963 -0.8504602 -0.8642088 -2.125382 0.7394089
-0.5629324 -0.1141605 1.368105 -0.4122193 -1.469349
0.6943788 1.013055 0.1532137 0.2191891 0.582694
-1.78647 -1.144389 0.75466 0.4801273 1.244077
-0.689955 -0.274837 -0.05117714 0.1048427 1.289319
-0.5648763 0.5706594 0.1817156 -0.1736487 -1.047183
-0.7707521 -0.7254035 0.3582681 -0.9269825 -0.6940696
-1.032181 -0.9528503 1.874582 1.934156 0.5356863
-0.2013548 -0.2687259 1.076372 -1.890192 -1.420031
-0.1499993 -0.009204386 1.180784 -1.368273 0.3175882
0.3451677 -0.01611318 1.171776 1.350548 -1.29084
-0.1161268 -1.961813 -1.028324 -2.092776 -1.707584
1.456796 0.7833954 -0.6730824 2.493022 0.4567299
-0.06142185 1.710797 -0.1892271 0.6573337 0.9119273
0.6983689 -0.4123362 -0.02092917 -1.200501 -1.324395
1.769276 1.977053 0.8980186 -0.4140794 0.08068129
-0.08360818 1.415799 -1.891976 0.03656372 0.5312418
-1.125904 1.371104 -0.4596714 0.1694552 0.6189005
0.9904974 -2.423649 0.5590067 -0.9066996 0.5238324
-0.5212698 1.253023 1.266047 -1.112327 0.5445
-0.6846443 -1.164078 -0.8018924 0.328057 -1.086917
-0.8121846 1.239743 0.6243082 1.445311 0.5409659
-1.701009 0.4773604 0.3482211 -0.6301568 -0.7720644
0.6837655 -0.6470842 -0.3745391 -1.544269 -0.465615
1.229393 1.098714 0.3622382 1.20064 -1.407214
-0.9641938 0.5149596 -0.7412489 -1.387848 1.779647
-0.9651655 0.2598377 1.118946 -0.1539761 -0.02910123
-1.326094 -1.084906 -0.5932971 1.347567 0.3994032
-1.382921 0.7952785 0.9049351 -0.03976458 -0.6647963
0.008512082 0.06163053 0.2147973 0.2466406 0.1465988
-0.2945703 0.4321149 -0.3981588 0.5280234 -0.3222078
-0.2896461 -0.06955997 0.5439984 -0.06088943 -0.8530823
-0.7834105 -0.6640182 -0.3100139 -0.4345583 -1.708998
-0.7788217 1.302143 -0.2097655 -1.097471 -0.7403375
-1.789578 -1.147846 -0.3751386 0.2291255 1.27299
-0.6690579 -0.5094623 0.6466061 -1.016794 0.04316201
1.230802 -0.2065369 -1.210954 -1.63165 -1.024305
1.410828 1.121883 -0.7971163 -0.4908419 0.4121072
0.9733903 -0.5855797 -0.5313084 -0.2345604 -0.1617981
-1.212987 -1.671058 -0.7096484 0.7903651 -0.1485917
1.559372 1.185136 0.01238914 0.4748436 0.7908843
0.7029928 -0.08267306 1.205351 -1.66007 0.07593005
-0.7923161 0.935637 1.572781 -0.3891051 -0.001128973
0.5228656 -0.8470466 0.6627913 0.817207 -0.3271812
-0.8947286 0.8154942 0.4362495 -1.927584 0.9757868
-2.875245 0.2825601 2.392478 -0.3566594 0.1955904
0.7695881 0.05742265 -1.054193 -0.7335538 -0.09416514
-1.18895 0.3707025 0.7499567 -0.01983914 0.4022226
1.443826 0.4933276 -0.9264357 0.8598989 -0.05660507
-0.1599068 -0.5735919 0.2235496 -1.212 -0.4060111
-1.215474 -0.1416042 0.829065 0.04465275 0.4132183
-0.153882 0.3100016 0.06750152 0.6132706 -1.547813
-0.6830411 -2.153188 0.06798586 1.100822 -0.9793269
-1.301103 0.2389875 -0.3418472 0.7819875 1.489388
2.143565 1.359353 -0.3242864 0.8608523 -0.6495744
1.573575 -0.3457001 0.6504123 -2.199079 1.17874
0.667357 -0.7253515 0.7575358 0.2707945 -0.2652217
0.03835004 0.9319931 0.5816857 -0.8001196 0.4430676
0.01477543 0.379274 -0.6274759 1.589321 -0.3932506
-0.2166307 0.2084452 -1.693567 0.6148623 1.263773
-1.475918 -0.668849 0.9414099 1.646266 -0.6455907
-1.036237 -0.2461214 -0.6808487 0.9184666 1.210375
0.3297651 -1.313071 1.517236 -0.1866657 1.043854
-0.3742776 -0.9488235 0.102325 0.2211516 1.195622
-1.036593 -0.08933615 0.2357309 0.7612299 -1.042108
-0.1465875 0.04967231 0.4161721 0.3082441 -0.07513466
-1.288187 0.481496 -1.175493 -0.2942055 -0.9776611
0.4761469 -0.1045677 -1.033626 -0.3525523 0.05211675
0.3691802 0.6568175 0.9642543 -1.406408 0.440986
-0.7134746 -1.147211 0.1731225 -0.9087154 -2.249054
-2.844045 -0.8658675 0.7646039 0.07547305 -0.2427842
0.9302452 -0.9550953 -1.672788 0.05684087 -1.544168
-0.9099427 1.060341 -0.2342164 -0.3901594 -2.189051
0.8919816 0.5881908 -0.1420077 -0.7409271 -0.1074804
-1.587677 0.4814478 -0.04588047 1.390836 0.3424703
-1.751024 1.460497 0.257052 -1.329124 0.7095917
-2.577638 -0.3586321 -1.664774 0.1167582 -0.6541538
0.1868046 0.4326108 0.6416313 -0.7171342 -0.355638
-0.08102383 0.2322632 -0.2230746 0.01982855 0.7860872
-0.1630794 -2.151148 -0.3652418 -0.9054983 -2.059378
-0.9231083 0.09557757 -0.3465155 -0.9949344 -0.6849952
-0.7811229 -0.5229264 0.2778389 -0.1820172 1.053842
-0.2892502 -1.515177 1.358651 -1.263979 0.5671845
-0.4449645 0.7116472 -2.607847 -0.9200157 1.088786
-1.300603 -0.09915433 -0.9840971 1.958324 0.05540183
0.7082916 -1.050308 0.7632156 0.4970932 -0.324583
2.503712 -0.1613399 0.08069875 -1.145413 1.004278
1.50894 -0.5453439 -1.628018 1.433066 -0.06193658
-1.820383 -0.5344274 0.3131829 -0.08012224 -0.1754354
-0.1472738 0.8050882 0.5501058 1.870814 1.210391
0.630535 1.457013 -1.352809 0.2402807 -0.329446
1.493497 0.5697808 -0.05780595 -0.162732 -0.8424558
-0.4919311 -0.1703303 -0.1795685 1.06605 -0.7472576
0.3055998 1.0559 -0.2254293 -0.9912952 -0.1878641
0.5056896 0.597651 0.4776346 0.1887532 -0.6701677
0.9891418 1.742704 0.1188237 -2.079215 -0.1470426
1.240169 0.5308718 0.78163 -0.1597124 0.5745833
-0.9050246 -0.6686969 -1.083051 0.6512312 1.00029
-1.1723 -0.6279888 -0.3604842 -0.3003288 -1.491434
-0.6112308 0.2025251 -2.253988 1.102009 -0.7648286
0.9453061 -0.600164 0.4282042 -1.175584 0.6539081
-0.3135419 -0.287458 0.5705014 1.778016 0.07560966
-0.1067365 0.1333936 1.60178 -0.3683292 0.8342992
0.4052797 0.7436835 1.198895 0.1243484 -0.1379524
0.5262961 0.6380396 -0.08658695 -1.582393 0.8957623
-1.48773 -0.1593364 -1.377976 -0.647959 -0.5501445
0.1091309 1.383608 -0.1194258 -1.326442 -0.6142847
1.110038 -0.2972251 -0.2823295 0.3584691 -1.228504
-1.578972 1.140493 0.8619466 -0.2123118 -0.6907266
0.1437324 -0.8281823 -0.3827267 1.04283 -2.477697
0.5165629 -0.2783545 0.3652854 0.4123455 -0.67167
0.2293556 -0.9833658 0.09316425 -0.7966408 0.4542617
1.499445 -0.6710275 0.1808224 -0.6985669 1.380966
-0.1604023 0.2703963 -0.5870499 -0.08968381 -0.5577698
0.7705966 -0.5337489 -1.937893 -0.5275689 -2.20337
-1.309646 1.161581 -0.1430668 0.2961804 0.9155508
-0.7627238 -0.5573137 0.5383217 -0.1481985 -0.6107382
0.6056323 -0.1415926 0.1758594 0.3427022 0.04898777
-0.1671332 0.1042056 0.972357 1.081265 -0.4341136
1.14511 1.326531 -0.5923442 1.124794 -1.38732
-0.1658543 -0.7207218 -0.9529313 0.1823408 0.4992526
-2.160013 0.24419 -0.2533663 -0.4345337 -2.259545
0.01072002 0.1622558 -0.0441772 0.9756128 1.522062
0.4300812 -1.303061 -0.3524208 0.6271127 0.4071181
-1.124333 -1.045811 -1.375777 -0.3862522 -0.3590574
0.1088427 -0.03854978 -0.8663603 -0.130764 -0.4192761
0.48345 0.9429493 -0.7635983 0.08815295 -1.357498
-0.748315 -2.459803 -0.488754 -0.02727986 0.6340579
0.1311001 -0.1694319 -0.1193432 0.5458758 -0.4457035
1.132011 -2.378712 0.2420161 0.1616191 -0.680017
0.9363784 2.593853 -2.893523 0.9833477 -0.1533399
-1.354754 -1.127478 0.04783589 0.01890609 1.912242
0.06169943 -0.3759176 -0.770527 -0.1876375 -0.006283988
2.751556 -0.3863748 2.028592 -0.3652234 -1.142106
-1.410074 0.1851632 -0.8496647 -0.5697687 0.6640069
-1.737557 0.8581395 1.270022 -0.1404059 -0.8483286
0.5345641 -0.4605943 0.107178 -1.11176 -0.9753483
0.3621663 -0.324987 1.519147 -0.6983228 -1.117987
1.238007 0.3641283 0.09349019 -0.02040257 0.1283239
0.7489991 -1.234002 1.211958 -0.01091669 1.718462
-0.02675585 1.235594 -0.5966517 0.470782 -0.6674895
1.17831 0.8948044 0.7401444 1.817012 1.784923
-0.588311 0.9072601 2.598067 0.245958 -2.080329
1.40039 1.279659 -0.949914 -2.044773 -1.335495
0.5497497 -0.08443002 0.1291214 0.05452617 -0.5578608
-0.6503008 0.07590114 1.173883 0.7408839 -1.074446
0.1872017 0.1499383 -1.012436 -2.982186 0.2969403
-0.2460714 -0.2649799 1.442734 -0.6430364 -1.170855
1.114575 -1.205523 0.8732671 1.28512 -1.54651
0.121666 -0.534366 -0.6813008 0.3353989 -0.09513833
1.143866 -1.297643 1.049658 1.010084 -0.230756
-1.396237 -1.438094 -0.1597512 2.5377 -0.7655551
0.8954344 1.13884 1.326351 1.229321 -1.057923
1.31056 -0.5355237 0.09410421 -0.1346272 1.427084
0.9048338 1.152464 0.3796049 -1.069196 0.8668896
-0.4383515 0.2009738 0.5127063 -1.86103 1.855092
-0.6581365 -1.297073 0.362885 -0.480783 -0.7397947
-1.773679 -0.2686282 -0.2064807 -0.7038209 0.255576
1.335757 -0.2847538 -0.1988901 1.555732 -0.04175409
1.814399 0.9325617 -1.512574 -0.8805244 1.83966
0.06493683 0.5294921 -0.7023219 1.076161 -0.9615627
-1.669351 2.384915 -0.982993 -0.2545773 -0.4613205
-0.6296786 -0.2533459 0.3332057 -0.4449817 -0.573804
-0.4152692 1.651264 1.651143 0.003574073 -0.7893242
0.8601757 -0.3796845 1.296802 1.739972 -0.7655074
-0.4124896 -1.627292 -0.09635201 0.07685039 -0.2594267
-1.706031 -1.169387 -1.094602 0.03059087 0.3252257
-0.889905 -0.3294373 -0.7986601 -0.2577744 0.4825229
0.281329 -0.3000441 1.57174 0.376957 2.515696
-0.197832 0.4590239 -1.036092 -0.5656257 -0.1503629
0.6983389 2.015725 1.551062 1.587285 -0.5586804
0.5401043 -0.8821382 0.3501096 -2.016265 1.285584
0.6790245 -0.7676763 2.019033 -0.1642438 0.769423
-0.9901524 0.637062 -1.249375 -0.6204656 0.7847964
0.5819649 -1.08686 1.49514 0.3885456 0.1865778
0.6371549 -1.318552 1.185763 -1.683358 0.4046009
0.5766823 0.3283163 0.2857693 -0.3227273 1.457618
0.1557914 -0.03236795 0.2820094 -1.213041 0.5283977
0.08667431 -1.173867 0.114715 1.48445 0.5075032
1.363933 0.2314274 1.618116 0.7175849 1.866425
-1.202584 -0.982471 -0.3552493 0.4202626 -1.295847
0.05702505 1.245623 -0.4482017 0.7926644 -1.19084
-0.554166 0.6462708 0.7169615 0.3852861 0.6270722
-1.716854 -1.403024 -1.156859 1.074647 0.503693
1.129526 1.290262 0.4072764 -0.8045773 0.1159828
0.4210982 -0.1912189 0.9504695 -1.773478 1.714706
0.8878641 -1.533068 0.401255 0.1653957 -1.696779
0.9763242 0.3819246 -0.3900202 -0.6727094 2.669322
-0.9590298 -0.3300202 -0.3830703 1.158337 1.23884
-0.7097565 0.5380395 0.2257504 -0.7126355 -0.5140835
-1.372565 0.4020959 1.287412 0.05475478 -0.5077114
1.030718 0.5583683 2.246318 -1.614133 2.144436
0.01101493 -1.702651 0.453136 -0.176323 0.06362884
-0.1705571 -0.7899351 -1.529311 -1.588746 1.167617
1.137388 -0.9314525 0.455815 -1.116265 -1.882444
1.145142 -1.517333 1.56954 1.121837 0.7265037
0.1140625 -0.7246555 0.5820678 0.7351282 1.183553
-1.282094 -0.8461796 1.034786 0.09991512 1.435115
0.4667222 1.060505 1.261801 -1.408338 -0.4361873
0.2960178 0.1747655 -0.3715483 -1.223682 1.025674
0.8475643 0.9143689 -0.4860534 -2.098926 -0.9519861
0.8998908 -1.31553 2.022623 -1.127998 0.3578712
-0.09332903 0.1575637 -0.2757729 -0.789119 -0.06283622
-1.859903 -2.313964 -0.2252053 -0.01000469 -0.1861275
0.1313361 -1.148367 -1.14608 0.3909026 -1.225153
-0.1100871 0.906393 -0.1091171 -1.455144 -1.523311
-0.926043 -0.5544449 -0.5947115 -0.9090708 0.1340921
1.193972 -0.1596487 1.385161 -2.176589 -1.04267
0.9795009 0.04462141 -2.109407 -0.595664 -2.321518
0.2822796 -1.449069 0.07571156 1.722386 0.7400762
0.5826096 -0.6250805 -0.3353526 -1.216431 0.5565528
-0.2996618 -1.055056 0.7335139 0.2064116 -0.1872504
-0.3984527 0.8100853 1.052673 2.743697 0.8325972
0.4387161 -1.255345 0.02792731 -1.152172 -0.2455666
-1.987537 0.1677632 1.398544 -0.6286802 -1.656514
-0.1982739 -0.289531 0.7185807 0.6738966 -0.696824
1.560784 0.4335705 -1.810854 -0.1929109 0.2535083
-0.7287781 0.7977916 0.6454017 -0.3975625 0.1687379
-0.3570346 1.707715 -0.4363095 -0.7637796 0.7244049
1.261628 1.225578 0.2433456 0.2735878 1.759876
-1.968189 0.02316864 0.7428543 0.5402887 0.4664888
1.623917 0.9346605 0.3636425 0.5043107 -1.595914
0.9383604 0.984097 2.270685 0.201479 -0.7521618
0.1536549 -1.138134 1.093957 -1.044575 2.564995
0.01673225 1.131023 0.9856697 -0.3053111 0.8151371
0.4859465 -0.5176095 -1.075083 0.3872311 0.318476
-0.1689244 0.3861111 0.2175044 1.037824 -0.2609543
1.868702 -0.4251402 -2.490826 0.1064586 -0.1655531
-1.231576 0.04630608 -0.4780724 -0.1029654 -1.516689
0.3184145 -0.1457359 0.630183 0.1601844 1.007148
2.105066 -0.7198258 -0.3635212 -0.6120328 -0.2810526
0.4604487 0.3452486 0.1361833 -0.2216521 1.488143
0.02039886 0.2708659 -1.51458 0.1958674 0.5168881
0.1591781 -1.680475 -1.234461 0.2972109 0.6858862
-0.7619778 -0.2103159 -0.9442178 -2.195687 0.973034
0.08851106 0.9899558 -0.2263555 -1.112949 2.034027
-0.3614238 0.8754772 2.306903 0.06149334 -1.753752
2.000774 1.082942 -0.556635 -0.7717792 0.919905
0.556992 -0.3826864 0.367231 -0.8652463 -0.7997025
0.06646373 0.03195363 1.94959 -0.4097235 -0.01889334
-0.1081014 1.596432 -2.1397 0.339251 0.07851653
0.5272444 0.2444076 1.732845 0.6494394 0.9343432
-0.3902893 -0.7663052 0.3124866 0.2084259 -0.05152408
-0.5600595 -1.14041 -1.29548 0.5300386 1.442593
-0.1568339 1.197855 -0.8251706 -0.3445507 1.918155
0.4723418 -0.305917 -1.571134 1.627257 0.5858744
-2.70417 0.03352982 -1.230896 1.042498 -0.2637327
0.1524099 -1.640279 0.4493983 2.112819 0.4702883
0.5319905 -0.655176 0.2939792 0.5843455 -0.1135094
0.3828431 -0.8697551 1.705099 0.5948467 0.1636654
1.072029 -1.7151 -0.2602237 0.4211804 0.3380301
0.5206431 -0.811025 -2.084505 0.4243 -1.043827
0.1352212 -0.003857635 -1.932822 1.127662 -0.6873155
0.821287 1.121907 -0.04881385 1.730004 0.4645146
0.701475 -0.2771924 -0.5650071 -0.246087 1.495472
-0.7467663 0.876619 -0.4667451 0.8457852 0.4297678
-0.3577496 1.289114 0.3169039 -0.528238 -0.1723873
0.7171551 -1.838274 -0.1005669 1.834867 0.5682943
0.7382533 -0.7511597 -0.3659252 2.733811 0.6445191
-0.01706225 -0.3125741 1.891948 0.5735634 -0.5167487
-0.04920804 0.06255427 0.9890998 -1.784732 -0.3671272
-1.02173 2.087257 0.9074161 -0.985554 -0.9219682
0.4115129 0.7478954 -0.9657968 0.3600047 0.2157709
-1.099566 -0.8708453 -0.2336259 0.1761143 -0.07862023
-1.188136 -0.945166 -0.195463 -0.8267214 1.17534
0.2779403 0.6854483 1.194463 -0.8907132 -0.2239764
0.158296 0.4507968 -0.7615656 0.6056449 1.251025
-0.1455767 1.292805 -0.4787146 -1.486099 0.1839542
1.533005 0.04300422 -1.01893 -0.3895118 -1.214924
-1.528002 1.747792 -0.6010037 -0.2388151 -0.1463372
0.694707 1.121308 1.569091 -1.703433 -0.3656431
-1.433041 -0.1733226 0.4352292 -0.6158449 -0.5586792
-0.8632832 -0.5503936 -0.03625278 -0.5739565 -1.515564
-0.4093843 -0.09270115 -1.722694 1.343967 0.2340404
-0.2775827 1.20904 1.163526 -0.1149481 0.4175133
-0.0639871 1.218983 -0.8507453 2.426455 2.124755
-0.8298508 1.777321 -0.841123 -2.055454 -0.2508939
-0.1586334 0.8088796 -0.7750324 0.03336457 1.209411
-0.9525752 -1.776104 0.3037249 1.413436 -0.8627032
0.517405 -2.834604 1.304902 -0.06137402 0.4351276
-0.2964073 -0.2549862 -0.8253588 0.05148472 1.723479
-0.3909515 0.6003237 0.2512418 1.186008 1.525614
0.4074128 -0.3492918 -0.5961326 1.730863 -0.7226333
-1.871114 -1.316276 0.2368119 -0.09797118 -0.7776533
0.4398056 -1.205018 1.271335 0.1766563 -0.5310511
-1.358068 0.7203597 -0.77278 0.2095968 -0.04559775
0.715896 0.990147 1.24882 -0.05127459 1.7682
-0.7233948 -1.166526 -2.05482 -0.9551946 1.777952
0.2164891 -0.5669401 0.1213914 -0.8250286 0.6606815
-1.14126 0.9012634 -0.4020576 0.9178245 -3.391538
-1.976437 -0.4905091 -0.8032487 1.059195 0.491858
0.8403941 -0.7971899 -0.3677132 0.7051255 -0.7135035
-1.074976 1.126736 -0.8566152 -1.185612 1.452611
-0.6651987 -0.01059024 -2.287951 1.921585 -1.70009
0.4763399 -0.720657 -1.153213 -1.093589 0.08418802
0.5512903 -0.4874956 2.129851 -0.7201019 1.026235
1.821047 0.3910666 0.5342669 -0.1056383 0.6315075
-0.2595351 -0.6525883 -0.1039272 -1.587202 -1.026294
0.9163903 -0.2419411 -0.2439281 -0.3071189 1.557834
-0.1970303 -0.8580606 0.003210878 0.05933628 -1.120703
0.8916637 1.142512 -0.573681 1.19233 -0.2075051
-1.252893 -1.465626 -1.009734 -1.205181 1.144678
1.128832 -0.03271647 0.2731112 0.7403883 0.3815885
0.1627392 -0.1934153 -1.789807 0.1863661 -0.3833686
0.4927136 -0.7533583 -1.184437 1.516502 -1.20649
1.819406 -0.2065039 -0.4716324 0.8160583 0.7494491
-0.5065506 0.3343591 0.9842107 0.02818343 0.1139389
-0.7578306 -0.2892392 -2.436118 -0.7891075 -0.4243117
0.8908045 0.4485269 0.9421026 0.5194197 -1.408203
-0.3468798 1.054003 -1.37112 -0.684615 -0.626996
-0.04707948 -0.1876711 -0.367123 -0.01822849 -2.413935
-0.3290779 -0.8884498 1.413458 -0.9498491 -0.8819658
-0.3824046 -1.124953 -0.09547221 0.7303753 -0.8690984
-1.120167 2.586087 -0.776537 1.256573 0.07806838
0.208822 0.2489214 1.253879 0.4487362 -1.232929
0.3389622 -0.398 0.250629 -0.697341 1.129438
-0.07071926 0.03497618 0.6041307 -2.291671 0.1564417
-1.381929 -0.327611 -0.03113367 0.08260111 -1.310115
0.2289041 -1.859946 2.936286 0.463727 1.296078
0.6110726 2.034694 0.007413862 -1.115388 -1.785781
-1.992504 1.427244 1.685039 0.009379469 0.2077014
1.339869 1.849302 2.23804 0.7824481 -1.910552
-2.110555 1.060901 0.6851653 0.806406 -1.486851
0.1892947 0.8720563 0.712887 0.2629324 0.6736247
1.238471 1.905147 0.9642172 0.1974777 0.4103865
0.3802343 -1.247425 -0.8716333 0.2108036 -0.2272662
0.6368556 0.2068667 1.19836 -0.1996405 1.498187
0.7300105 -1.644871 -0.711869 0.653712 0.2460866
1.362607 0.9403982 -0.8803215 0.3034867 -1.599516
1.14631 0.188542 0.3149472 -1.246693 1.449854
0.8158241 -0.4476164 0.6486088 1.346042 -0.6602402
-0.6046487 0.3436308 -0.07285808 1.139471 -0.6189555
-0.06890526 1.944553 -0.6763623 1.478685 0.1400956
0.1505442 0.8797895 -0.4013329 1.597304 1.18103
-1.528945 -1.025377 1.434306 0.3218976 -1.025872
-0.6837409 -0.8639329 -0.8629254 0.3932974 0.314218
-0.9755618 0.08743655 1.246485 0.2496394 1.434282
0.05986562 0.7311513 1.464026 -0.5181234 0.5130637
0.3813544 1.566828 -1.132044 -0.5079448 -0.6969739
0.5239447 1.325471 -0.2643975 -0.09009913 0.736738
-0.1857389 0.2555206 -1.468041 0.367341 0.8900001
-0.005377952 -0.03601888 0.9710684 0.8987213 -0.07965385
0.4246388 0.3811624 1.059771 -0.5195281 0.2858562
-0.2322778 -0.3901435 -0.5659388 1.695795 -1.116261
0.1770425 0.7844097 0.1722333 -1.087855 -0.9701709
-0.8456208 0.6819553 -1.312832 -0.1059023 1.170804
-0.2969437 -1.957558 0.4768876 -0.627591 -0.2175999
-0.3737326 0.7678821 -1.361606 0.09511091 0.1232021
-0.302641 -1.328213 1.589507 1.255953 -0.3192837
-0.3496476 0.2792971 -0.512799 -0.165257 1.798607
-1.121362 -0.5941169 -0.3994388 -0.2004216 -1.637834
-0.80339 -0.2243255 0.8486249 -1.223674 -0.4976052
0.06355912 -0.2234829 -0.516309 0.5633887 0.6573194
-0.1427844 -0.1029908 2.492925 -0.3955331 -0.6995439
1.05574 0.694436 0.8697017 -0.1821969 -0.06032182
1.158783 0.1021392 -0.211818 0.8291307 0.9282933
0.8783758 -0.8453713 1.570589 1.52371 -1.434712
-0.2281231 0.6466624 -0.5892538 -0.7493697 -1.430796
0.6590109 0.4006694 -0.7726672 -0.4862121 1.855704
0.3525527 0.1359811 -0.2437988 0.03329506 1.099952
-0.9410641 1.649963 -0.7688753 -0.1284116 -0.0256234
1.788026 -0.9092878 0.9537006 -0.02233307 -0.1871961
0.4919207 0.3118108 -1.265917 1.500356 0.3951841
-0.6889958 0.5191136 -0.2510641 -0.2337457 0.713907
-0.2992031 -0.1131301 -0.9161363 1.62912 1.36398
0.8942957 -0.3852243 2.3896 -0.1980751 -1.141807
-0.7164546 0.9381945 0.9263792 -0.08485134 0.3696155
-1.530528 0.3985962 0.2568333 0.3969183 0.9646155
-3.147781 -0.4201246 -0.1181154 -1.496939 0.72613
0.6057346 -0.870731 -0.177375 -0.7195264 -1.326488
0.3604028 -1.031128 0.3868523 -0.5843162 -0.2650811
0.6464482 -0.8668559 1.352343 -0.6576614 1.186943
1.505896 2.174594 -0.2630958 0.3775475 -0.1138218
0.671139 1.24897 -1.048375 0.1229774 -1.300874
-0.04352328 -0.6378885 0.9233559 -1.39518 0.01485712
0.4538878 -1.366915 0.4423234 -0.2882912 -0.1964089
2.074292 -1.078907 1.664574 0.7159194 -0.1245599
0.3194812 -0.4321639 -0.1913012 -0.09102249 -1.120661
-0.8867023 -0.603429 0.7577428 1.924663 0.4340319
-1.061239 -0.2323277 -1.005251 1.816137 1.481615
0.8393179 1.40684 -0.363545 0.495165 0.7571579
-1.785203 0.2118128 -0.5176946 2.090006 2.324549
-0.01265039 -0.1809872 0.2634469 -0.07271465 0.1959942
1.022887 -0.2114116 0.4286426 0.4356129 0.4326454
1.088242 -0.3812845 0.2398617 1.642377 -3.266293
-1.335571 -2.053676 -0.9277603 -0.3100382 -0.0770578
-0.4785152 0.9467016 0.5022619 0.3845626 -1.262184
1.061155 -1.029962 1.745841 -1.470771 -1.299922
0.867466 0.4711914 -0.5491338 -0.884176 1.141117
0.7490395 -0.2753237 0.3531404 -0.368202 -0.7416786
0.08039984 0.1833771 0.9725847 0.2213682 -0.3975308
-0.947212 1.053498 0.4566643 -0.3498716 -0.1836857
1.456192 -1.482832 -0.4473402 0.1074088 0.2168703
-1.413856 -0.8448204 0.9544892 -0.6468018 0.5770605
2.396564 0.2748934 -0.8688423 2.080488 0.7516367
-0.6087692 0.1904302 -1.194865 -0.8980239 -1.811241
1.648356 -1.008523 -0.4141959 0.1795544 0.6683048
-0.6101858 0.5964451 0.8518045 -0.4450062 -0.7895613
-0.1196346 -1.44864 -1.942956 0.8328954 -0.2975105
-0.7047263 0.3839398 1.97159 -0.9236185 2.131895
-0.2099388 -0.2542717 -0.01425367 0.4373429 -0.08519107
0.7527725 0.5965646 -1.546014 -0.01719167 0.03536662
-0.2642579 -0.8875534 -0.3376237 -1.040938 1.926657
0.6327403 -0.4667409 1.640527 -0.7942569 0.1659236
-0.1233558 -0.3108642 0.3668236 -0.8391068 -0.09488533
0.9650315 -0.2620696 -1.30415 -0.3175644 0.5230999
-0.3977965 1.036103 1.392916 -1.64224 0.431889
-0.41203 0.3732116 -1.21352 0.4017763 -0.8581389
1.139665 -0.8817658 -0.4254713 -0.2031238 0.3456954
-0.904995 1.183241 0.1442937 0.8710087 -1.59505
-0.6091427 0.7309421 1.130451 -0.1055321 -1.792192
-0.03450689 1.269562 -0.01935035 0.5775689 -0.8483337
0.109636 -0.4577453 1.809628 -1.104911 1.878235
-0.5386046 0.02278401 -1.464772 -1.048534 -0.4449414
-1.032303 1.544753 -0.6644628 -1.625845 0.3812831
-1.886781 0.3244088 1.776477 -1.116938 1.489197
-1.326785 1.02911 0.431187 2.032207 -0.7914787
0.4887858 0.7516326 0.5164453 -0.5842462 0.6954864
0.567235 1.903393 -0.1017526 -0.6910189 0.8510883
0.2159571 -1.486974 -0.4226666 1.092747 0.363866
0.7482475 0.3504817 1.380362 -0.6198881 -1.396487
-0.2242131 -0.4260068 0.3482461 -0.6220038 -0.4794464
0.6799708 -0.4700067 0.6044702 -0.111444 -1.292107
0.7030877 1.800128 0.4234594 0.6055908 0.6706525
1.12388 -0.05948759 -0.2308887 -0.3563973 0.6689242
-0.5694403 -0.9779428 0.8940684 -0.7949054 -1.12244
-0.5362473 -1.502093 -0.1208231 0.4279297 -0.4701038
-0.02915929 -0.8280868 -0.2990257 1.224961 0.152033
0.1077078 -0.3949064 -0.3162508 -1.429534 -0.6590316
1.230787 -0.4547431 0.8361044 1.170192 1.203359
-1.268812 -0.2955339 -0.1176753 1.289133 -0.8552313
-0.3706059 -1.477761 0.9145354 0.9659385 0.165213
1.020028 -0.5702027 0.826153 0.290191 -0.8056214
0.3308634 0.8689153 -1.231718 0.4838872 0.1518125
0.9707237 1.03709 1.006953 0.9590066 -0.5727052
-0.3130519 1.206058 -0.05459766 0.4276179 0.9754819
-1.612906 0.0418315 1.644828 1.345017 -0.3950854
-2.91724 -0.8122145 1.964294 0.0887814 -1.992303
-0.9976302 0.3166229 -0.03884596 -0.1497367 -0.203704
-0.1644284 -0.01260208 -1.656367 -0.6429105 0.8016773
0.06489211 -1.179475 1.228551 -0.4395893 0.5069718
0.3605418 -1.52039 -0.7462707 -0.3882987 0.7274165
0.3549689 -1.300025 -1.493633 1.445285 2.568772
-0.9684469 -0.7356763 1.25144 0.01299306 0.7893214
-1.533525 -1.210181 -0.8855233 0.8383112 0.006569398
0.6340139 -0.5459815 1.085321 0.03360274 -0.3538519
-0.1206586 0.2485763 0.2321864 -0.7856005 -1.887269
-0.2246956 -0.6964685 -0.2602177 -1.40516 -2.343625
-1.348151 0.6187475 -0.4839409 -0.1075458 -0.4057509
-0.5923852 1.688379 1.224547 -0.02903307 2.163023
2.441523 -1.320653 1.598178 -0.286137 -1.397894
1.122074 -0.5748252 -0.8912448 0.6333016 0.8184713
1.209161 -0.7060284 0.9399851 -0.9040089 0.4631624
-0.5498684 -0.2298198 -0.04049284 -0.2899319 0.4239916
1.734869 0.09187089 -2.097284 -1.465156 -0.109901
-1.512084 0.3822969 0.4482111 -0.07183091 0.02604557
0.5550066 -0.3315629 0.7726932 1.441973 1.238019
0.1008406 0.4461771 -0.6178203 0.1067786 0.02724222
-0.7622905 0.2719316 -1.696768 -0.7742273 1.292091
0.7052343 -0.33103 -1.340662 -0.4006488 -1.816656
1.178334 0.08126446 1.395713 0.5878825 -1.64482
-2.13834 -1.410821 -2.053189 0.433167 0.8384949
0.3738787 0.03197186 -0.07910157 -0.008155657 -0.1989247
-0.666128 -0.4648101 0.01894693 -0.9312067 0.8885716
-0.8487788 0.6905862 -0.6577027 0.4814069 0.4398517
0.3840268 0.4674657 0.1916552 1.110462 -0.3703995
-1.953049 -1.916357 0.5556658 -0.9193036 0.1786053
1.100295 -0.5002553 0.09038025 1.026584 1.105523
1.008269 -0.4101937 1.572296 -3.178844 -1.892104
0.06112543 -0.7570613 0.8184675 -2.025688 0.6890271
-0.9276685 -1.37468 -0.04961034 0.07935243 -0.8687981
-0.9949435 -0.7935515 -0.3109987 -1.105687 -1.420782
-0.1608489 -0.6812333 -0.0925153 -0.6672978 1.322648
-0.626931 -1.901909 0.02391883 1.573692 -0.4482012
-0.5006176 0.2683758 0.8472314 -0.2182905 -0.2151573
0.7423566 0.5392454 -0.0737735 -1.412023 -1.287105
1.09305 -0.04632872 0.4794234 -0.982482 0.2160682
-0.09556236 1.066522 -1.510681 -0.06787205 -0.6639954
-2.611795 -0.9663985 0.0001795397 -0.1727843 -0.7258353
-0.7987486 1.54121 1.19463 -0.523979 1.904098
0.6091297 1.030095 0.006003128 -0.734511 0.1209678
0.9578299 0.1308848 -1.392141 0.4538217 -0.2799652
1.382183 0.3657357 -1.027109 -0.6211924 0.1271043
-1.498358 1.106888 -0.1948996 1.678249 0.9790136
-0.7171117 -0.1712831 -1.097873 1.494459 -0.1242599
1.599309 1.558731 1.549728 0.4613163 0.6065437
-1.233752 -1.170689 -0.4265261 -0.6964064 -1.883207
0.8970018 -0.276034 0.7365735 1.410967 -0.1672869
-0.5351879 -0.05516365 0.8669766 0.07076151 -0.7457435
-0.2337104 0.5511286 1.799944 0.7667761 -0.9414412
-0.09357603 -0.3505691 1.389154 1.012867 -0.3006218
-0.5520503 1.468115 1.424459 1.081349 0.07576935
1.536084 0.2234478 -1.311631 -0.9803286 -0.6019898
0.8760604 0.5187891 -0.8723175 0.5151633 0.4478407
0.5243145 -0.1455342 0.3693233 0.3892317 1.633953
-0.2023396 1.08283 -0.4437125 1.183567 0.7702565
-0.4351485 -0.2255225 0.1102094 -1.627117 1.312299
-1.558624 0.4638226 -1.105015 -0.8415191 -0.7964961
-2.269481 1.18032 -0.2090051 0.4688326 -0.2335743
0.07164034 -0.8554021 -0.6921996 -1.235476 -0.268233
-1.019427 0.7528821 -0.05673384 2.612356 -2.291752
1.940466 0.9627368 -0.03594582 -0.4865068 -0.6069137
0.822403 -1.389283 -1.541214 0.02711162 -1.259817
-0.6300649 -0.9726526 0.3205834 1.04115 0.7232407
0.5075886 0.08921049 -0.3615444 0.6095292 0.3989439
-0.3517257 -0.6650774 -0.463021 -0.2059594 -0.6186425
-1.110093 1.0725 0.2419199 1.238514 -0.6600372
-0.0561232 -1.297471 -0.9302571 -0.7811686 0.3518023
-0.9443014 1.790618 -1.041998 -0.2332556 0.6685392
0.5357536 0.3399434 -0.07699102 -0.3603915 1.698844
1.825769 -0.8911412 0.8654426 0.4702361 -1.290772
-0.3711975 -0.1436124 1.559189 1.330889 0.171507
0.168085 1.498731 -0.506988 -0.4968391 0.05303762
0.4867579 0.9584332 2.584156 0.458587 0.7170327
0.7483489 -0.6475312 0.4143697 0.3785453 -0.3931209
2.077199 0.2207628 -0.9510079 0.7977855 -2.127169
1.129235 1.019463 0.9693104 0.1994702 0.9216498
0.4807399 0.09182992 -0.7807846 -0.02387843 0.6779306
-0.6786606 -2.203729 -1.54316 -0.04343875 -2.498691
-0.2388772 0.05746393 -1.335282 1.710551 1.014102
-0.1096062 0.7051129 2.399425 0.02928148 1.033595
2.644846 2.666205 0.6827477 -0.2324718 -0.5380985
0.5247909 -0.3861488 0.1384618 -1.435261 -0.6162115
-1.534563 -0.3793118 0.2440556 -0.1937459 -0.3107227
0.2147004 0.983483 0.00396057 0.2100424 -1.223386
1.554624 0.1516528 -0.8669138 0.6735735 -0.9106149
0.9226659 -0.4587591 0.2341457 -1.521151 -0.1232224
-0.511164 -0.646005 -1.564298 0.7528303 1.690554
-0.1518886 1.468313 -1.092466 -0.9901889 -1.316878
0.1139907 -0.7437573 0.09031848 -0.03115097 0.8960324
-0.2419535 -1.013301 1.357507 -0.7945029 -1.987729
-1.299074 -0.2991135 -0.4934678 -0.4839393 -1.533591
0.01561237 -0.5812467 -1.178842 -0.3073015 0.5927397
-0.9240492 -0.3965177 -0.9418412 -0.277757 0.1205139
-0.522164 -0.864116 -0.393249 1.462075 0.3724663
1.853619 -0.08750886 0.6473872 0.05598267 1.80011
0.2502383 -0.02287707 0.6060966 0.356338 -0.5025499
-0.9773694 -0.2582216 0.0971517 -0.4223782 -0.2902795
0.9233571 -1.771201 -0.2395751 -0.9187771 1.492175
0.7627803 -1.905314 -1.101338 -0.8582549 0.6820712
2.552879 0.2313764 -1.206491 0.5700218 -0.3317417
2.14858 -1.356256 1.136073 0.1088481 -0.6027582
-0.3926617 -0.008761861 0.6479659 0.02892773 -0.5859124
-0.4488271 2.116376 -0.9331083 0.2993858 -0.6521712
0.8283375 -0.003173601 0.6643128 0.3859789 1.157294
-0.6368842 -0.01599775 0.2535385 -2.144825 -0.1141537
-0.8240846 0.7181832 -1.297321 0.279945 0.2323497
-1.451939 -1.252157 -0.99089 -0.1527791 -1.024641
1.411244 0.05294566 1.570679 0.636917 -0.07648482
-0.7629262 0.4239541 1.99589 -0.2870109 1.81588
1.837035 0.777789 0.3280741 1.650865 1.511437
1.239908 0.7344974 0.5453197 0.8538004 -0.2948292
0.522842 1.031789 -0.5845977 -0.7484172 -0.3077363
-1.7948 -0.07245235 -0.2339401 -0.02722009 0.01034879
0.2704295 -0.343025 0.3826053 0.4011012 0.7072607
0.413468 -0.2026939 -0.4778384 1.260474 -1.174191
-0.09382263 -0.9179597 0.5116703 -0.1596278 1.545493
-0.503208 0.3287242 -0.667043 0.7202445 -0.7359599
0.232346 -0.2619838 -1.804338 -0.3065258 0.3865006
-0.4861298 -0.9710279 -0.01889126 1.463874 -0.3250438
1.126812 1.826657 -0.7957244 1.152858 0.7187269
0.3400461 -1.359366 0.1333435 -1.770032 -0.8789875
-0.2085072 0.6456535 0.2137609 -0.02527939 0.9539282
-1.537971 -0.3927446 0.535673 0.8045564 1.016822
1.079388 -0.9521486 0.6891776 -0.8733098 0.1352912
0.7906818 0.6627172 -0.5145505 0.823184 0.8437655
-1.011626 0.7644018 0.1201866 1.820652 0.07854533
0.3354649 0.02493489 0.5182065 -1.580925 0.1507752
1.010293 -1.182342 0.5263807 0.02617501 0.6722526
0.4870999 -0.9564077 0.7212835 -1.11993 1.42255
0.5448492 0.2167391 0.2749176 -0.3897772 -0.9620137
2.071469 -2.54895 0.5806712 -1.354529 -0.7859631
-0.05257422 -0.07976094 0.01790318 -0.2491702 -1.149881
0.4699717 0.04361689 -0.3965243 -0.5700652 -0.149992
0.3166533 -0.7395852 0.7995335 2.208952 0.4168399
0.4963079 -1.97915 -1.345284 -1.153249 -0.2506407
2.191172 -0.1149545 0.9992718 -0.06116956 -1.131222
0.1867278 0.471392 -1.834242 -0.7369673 -0.427413
-0.9271507 1.127206 1.903483 -0.64394 -0.4605853
0.4462875 1.093642 0.4512568 1.580658 2.301817
0.8914264 1.221136 -0.815355 0.2889719 0.4167578
-0.1594904 1.46693 0.9132625 -0.4124497 0.6904305
-0.9746015 -1.442977 -0.4788361 -0.8915064 0.7869273
1.303894 -0.2243569 0.4732697 -1.453929 0.1245559
-0.949604 0.8510508 1.346086 1.543849 0.328646
1.224464 2.539226 0.4164004 -0.4565629 -0.6985938
-1.331279 -0.3863551 -1.435397 -1.40504 0.2899352
0.4676517 -0.09746701 0.5988745 0.2054364 0.003896448
0.4491242 -0.3728397 0.8088808 1.270323 -0.7205029
0.9706653 -0.9459283 0.8804021 1.236392 0.6780635
0.8843271 0.02395157 0.5196438 0.9433996 0.2841162
-0.2997534 1.177089 -1.078243 -1.028667 1.354737
-0.9981272 -1.544244 -0.09008508 -0.5904951 0.2070817
-1.060705 -0.5606256 0.411947 -0.2831607 -2.278684
-0.1840253 0.9333144 0.1857604 0.09198491 0.3136172
0.9987227 0.2413739 0.2689371 -0.2766469 -1.237579
-1.282485 -1.895394 -0.1977674 -0.3352786 0.8187495
-0.7245395 -0.9955576 0.3933376 -0.2794691 -0.17156
0.1293426 0.9830035 -1.057759 0.8265444 -0.4506716
-0.560172 1.099425 -0.4406883 -0.08725472 -0.5211104
-1.012148 0.7088715 -1.193904 -0.09888874 0.447911
0.6729346 -0.229792 0.8647981 0.5381569 -1.470643
-0.5809506 0.5533749 0.8168022 -0.7085884 -0.2137905
1.896013 0.5899185 0.1925928 0.5273287 -0.9868626
0.8789846 -0.3510742 1.648634 0.2623367 -0.308808
1.097643 1.159795 -0.1400475 -0.9828948 1.189771
-0.238299 0.2785647 -0.05420206 0.8245069 1.643723
-0.6560963 0.9049725 -1.526468 1.465803 -0.5973013
-0.2476661 0.5971647 0.7638734 -0.06463353 1.248304
-1.11505 0.1737791 1.225777 0.5342208 1.144654
0.1233814 -0.4851002 1.078934 -0.04700028 0.3079133
-0.6780764 0.8387299 0.4417021 0.05865914 0.6643699
0.1567001 1.901182 -0.6197546 0.1497273 -0.1295805
-1.422669 -0.2781234 1.547766 0.09767258 -1.071838
-0.9147432 -1.800482 -0.2871579 -0.1321598 0.4838665
-1.231712 0.3861266 2.156472 1.132086 0.7263401
0.2249038 1.06953 -0.4479699 0.7545212 -0.9555388
1.137181 0.2808317 0.02072894 -2.342733 -0.8361998
-0.5636682 0.2893281 1.789273 -2.673414 0.1506524
-0.05887753 0.8853028 -0.745089 0.3077439 0.2773728
-0.114886 -0.1452189 0.2808532 -0.7092891 -0.9935676
-1.270586 0.05379838 -1.445333 -0.5952368 0.3978601
0.5106775 -0.08507796 -0.6563109 1.098529 1.797281
0.496904 -0.1564641 -1.400147 0.1724819 -1.396227
0.09306808 0.05864303 0.7419847 0.7876193 1.387293
-0.2807205 -1.506401 0.09927928 0.4777517 -0.493825
-1.224892 -0.6274445 1.930534 -0.9134956 1.23648
0.5514113 -0.3440727 -0.04951459 2.200281 0.6915775
-0.4680306 0.1969475 0.03469997 0.1073648 -2.571245
1.432633 -1.031001 0.7579138 -0.2013003 -0.8153185
0.8177383 1.866255 -1.436622 0.3771045 0.5265135
-0.5102417 0.9480828 0.3252394 -0.3795051 -0.1763761
1.399782 0.357837 -1.383758 -0.9622112 -0.5728727
0.1468215 0.9219814 0.6723325 0.02313308 -0.3185455
1.45003 0.7193168 -1.153037 0.4143544 -0.8339319
-0.1042294 0.5667195 -1.125952 0.03177257 -0.2685922
-1.053304 0.1110401 -1.167246 0.3900999 0.4843502
1.193422 -0.4550206 -0.3008434 -0.2321359 -0.8575409
0.1258894 -1.934735 0.06209814 -0.2302611 -0.1650834
-0.2466329 0.323243 1.065932 -0.1410916 -0.2265894
0.2560997 -0.005388369 -0.06978342 -0.9002999 -1.252102
1.52735 -0.8757087 1.315194 0.5024624 -2.081093
-3.334448 -0.0611003 -2.640692 1.571187 0.3500336
1.545372 0.5475647 -1.358752 -1.932829 1.009932
-1.290935 0.9543879 -2.345207 0.6373888 -0.461284
0.6788789 -0.7837665 -0.2432157 -1.936414 -0.3847854
-0.1012595 0.258922 -0.5618686 -1.479665 0.2641379
1.252062 0.4721639 -0.1686826 0.356767 -0.5610138
-0.3998845 1.183559 2.054993 0.3239173 -0.6483013
-1.143108 0.08617001 1.330486 0.3264036 -0.06319264
-0.6281569 1.754419 -0.2294043 -1.630808 -0.7580247
1.029659 0.7503628 1.951931 0.5886438 0.4237039
0.05163964 1.405966 -0.3068085 -1.229641 -1.537615
-0.6921744 -1.467148 -0.177656 0.4429598 0.1255897
0.3870052 -0.002594173 0.08970901 -0.6660961 1.227602
-1.334725 0.6328267 -0.3949563 -1.101007 0.8760664
0.7464317 -0.8813228 1.334991 -1.248719 -0.8147168
-1.275229 3.243275 1.402802 -0.3161655 0.9482886
0.9633668 -0.2427659 -2.221305 0.9061983 -0.2926301
-0.006388015 -0.08808786 0.783646 -0.04769363 -0.2146971
-1.042193 0.5534078 -0.9357198 0.7118433 0.8875149
-0.01175679 -0.5651113 -0.4265058 0.1142688 -1.665838
0.8512774 0.03344414 -0.5207502 -0.9897233 0.464394
0.07197701 -0.6306986 0.2810153 -0.9189603 -0.7811661
-2.529014 -0.1300615 -0.7443241 0.2595248 -0.5843175
0.04296201 -0.1483706 0.9661715 1.411616 1.253996
-0.5306862 -0.9307382 -0.2814097 0.4243521 -0.3460271
0.06578461 -1.543999 1.529664 -0.9615112 -1.369116
-0.5864152 2.427107 2.590331 0.3827926 -2.187883
-0.3479661 -1.49322 -0.3223383 1.956475 -0.2807551
0.5138981 -0.82958 -1.443571 0.007685036 -0.3095474
-1.680639 -2.784941 0.8837671 1.484378 -0.06428165
-1.350959 -0.1241267 0.1798503 -1.132636 -0.249402
0.5711458 -0.4693621 -1.067963 -0.6809215 0.3521837
0.6204698 -0.7163521 1.050809 -0.9348989 -1.009703
1.426679 -0.5303496 -0.1830494 0.2693724 -2.01747
-1.446384 0.2869108 0.3404404 0.6526823 0.3458696
-0.8451106 0.2192583 -0.6576583 -0.4930682 -0.2294822
-0.3118299 0.844789 -0.1924471 0.845566 -0.2091824
-0.7899598 1.291212 -0.007795403 1.041594 -0.06942978
-1.001996 0.6245924 0.6975804 -0.1892721 0.0317496
0.1990384 -1.234043 -0.9493149 -0.1931095 1.242005
0.4995705 1.053733 -0.1982646 0.1273859 1.417668
0.7791187 -0.3848891 -0.8207997 0.9328574 -1.43699
1.22909 0.30471 0.01791153 -0.5255303 -0.8597361
-0.3746611 -0.9105629 0.126813 0.6378488 0.4209836
-0.4993658 0.1568054 -0.7875563 1.039488 -1.827588
-0.549943 1.58655 -0.4889184 0.3689906 -0.04528925
-0.1006811 -0.3972949 -1.05167 0.7235182 -1.192477
0.03596799 0.265827 1.235717 -1.979481 1.303955
1.407417 -0.4678802 1.446139 1.067537 0.1126376
0.04020903 1.818079 0.3728817 0.5413454 2.925757
-0.3978621 0.7439877 -0.4942861 -0.9127856 0.4200115
-0.2474926 0.3199572 1.873678 1.923991 -1.074279
-1.001018 -0.4650253 0.7162422 -1.0846 -0.9507683
2.787915 0.7787333 0.1173076 0.3063322 -0.1463526
-0.619546 -0.6716911 -1.136852 0.04505712 0.9432556
0.5374979 -0.2651828 -0.5461565 0.3803785 0.2321911
0.5048479 0.1620169 -0.8792735 1.646534 -0.7685393
-0.7378085 -0.5135042 0.9588802 1.255308 0.7283742
-0.9299715 3.008961 0.2897924 0.1208379 0.9223779
-1.664784 -0.2866175 0.07954055 0.6587573 1.073463
-0.1109531 -0.06790413 0.2472074 -0.8704924 -0.5092952
0.5667265 1.701511 1.147949 -1.544243 -0.7129652
0.5976622 -0.7973171 0.5957687 0.5599418 0.6418437
1.365122 1.307823 -0.4057224 -0.3658686 0.2860374
0.2445387 0.5260768 -0.6172293 1.903511 0.4678003
1.864122 -1.476947 0.8288897 -0.2621107 -1.37664
-1.023565 1.100501 -1.010739 -0.2686633 0.4798035
-1.034643 -1.119812 0.2286684 -0.4501494 -1.634423
-0.4590717 0.6094256 -0.5206988 0.120933 0.3399716
-0.1800194 2.202558 0.01691362 1.555243 -0.9624239
0.6668042 -0.360226 -1.405506 0.06680441 2.193654
-1.878684 1.273875 2.705225 -0.1687706 -0.4741952
-0.4689323 1.277736 -0.854939 -0.9383326 -1.471939
-0.520739 0.9612232 -0.8757813 -0.4967429 -0.8986226
0.2343313 -0.4571196 0.04316539 -2.765277 0.6243693
-0.7637587 -0.9844491 -0.637789 0.8005578 0.203839
-0.608885 0.3743814 1.732596 -1.36108 0.5857928
-0.387647 -0.2688499 0.04524917 -1.812114 -0.4382136
0.5364543 -0.6517497 1.528229 1.051058 0.7411631
0.820935 0.07406847 1.688278 -0.6495209 -0.853089
0.07289614 1.940872 -0.9436703 -0.3974071 -0.2093101
0.1028734 -1.154572 -0.5507649 0.4073162 -0.4839429
0.04142961 -0.3416817 -0.8286558 -0.4501861 -1.697858
-2.111457 1.426321 1.163389 -1.752189 0.2644028
-0.5110546 0.1782645 1.628804 1.416193 -0.3866951
-1.287956 1.52482 -1.062409 2.101724 -0.868593
0.06998289 1.072908 -0.4858643 1.385538 1.304028
0.1904784 0.5097547 0.931327 1.634456 -0.1938224
-1.898954 -1.377922 -0.8656134 -1.351016 0.49196
0.7753614 -1.544979 -0.5588272 0.1717066 -0.6847167
-0.4424667 -0.7358601 0.04921329 0.4717008 -0.7806412
0.5431793 -0.8109029 1.287828 0.5469435 0.1420447
0.2974371 1.093742 1.324607 0.1314781 -0.6013122
-0.8655215 -0.5094425 -1.18951 -1.286025 -0.1027135
2.029205 0.1156234 0.5333504 0.9197849 -0.05986529
-0.8663136 1.093323 0.1434076 1.880591 -1.858735
-0.9886102 1.813144 0.7814561 0.4158252 -0.01273712
-0.7423128 -1.265348 -0.610977 0.3080961 0.5298551
0.784232 1.100448 -1.275225 1.185216 1.949
1.657456 -0.9571512 1.778509 0.7898794 0.7510297
-0.1773249 -0.931441 0.8128781 0.7956401 1.440555
1.340299 0.6096826 2.375236 1.703463 0.3833482
-0.4202829 1.070303 -0.8645091 0.9600176 -1.973274
-0.8583012 0.2500468 0.7136598 -1.500485 -1.374448
-1.087185 0.1101104 -0.4993641 1.793282 -0.8154825
1.226916 1.744301 -0.1919527 1.706424 -0.07939395
-1.319963 0.1975442 0.616769 -0.07451454 -1.303356
2.478674 -1.230871 0.9312122 -0.6871111 1.243077
-0.9182171 -0.06991331 -0.8747044 -0.3075869 -0.3883391
0.2827831 0.5792627 0.0288737 -1.014669 -1.295107
-0.4226409 -1.637867 -0.6489969 1.436035 1.703472
0.08974406 0.5465735 -0.5919396 0.5330106 2.060988
0.686438 -1.110071 -1.47755 0.9433659 -0.564242
-0.7799579 0.2306994 -2.118187 1.313219 -0.08374198
0.5234463 1.412154 0.761878 -0.505265 0.9387807
2.438025 0.3295194 -1.025962 0.1621434 -0.1912839
-0.4888305 -0.7453254 -0.9139374 -2.806668 1.161413
-1.392366 -0.7505019 0.275598 -0.524184 -1.208042
-1.243998 -1.269933 0.4710722 -0.1428444 0.3387678
0.2176707 2.159593 1.919537 -0.3987571 -1.821892
1.021817 -1.478208 1.469367 -0.6656394 0.3942068
1.343807 0.5676713 -0.1146086 -0.828581 -0.1759495
1.634845 0.470523 0.02671953 0.4281186 0.09670097
0.9889754 0.2466725 -0.09058819 2.342796 0.5284925
0.4848729 1.299838 0.5310802 0.283479 -0.5216479
0.9470646 0.3509501 -0.7133874 -0.5510251 1.238139
-0.8739558 1.391482 2.072328 -2.504238 -0.5363671
-1.54821 -1.223 0.3686543 -0.01021374 1.42891
-1.592801 2.35073 0.8193936 0.5523494 0.2086205
-1.460985 -0.4497495 0.1292066 2.445834 0.8095961
-0.0362069 0.6225983 -0.4164791 -0.1635938 -0.7650804
2.437743 -0.766824 1.742418 0.2622943 0.2785387
0.07105057 -1.612303 2.106697 0.9658978 -0.8823944
-0.4189839 0.5547324 -1.537229 0.6945817 0.9179073
-1.440641 -0.565026 0.4119103 0.8918479 -0.5156001
-1.004553 -0.1345617 0.07981918 -0.05883574 -0.2155434
-0.7333697 1.191875 -0.2405787 -0.1778159 1.399623
-1.231629 -0.549744 0.2712905 -0.3642126 -2.286123
-0.4986586 0.7462129 0.07452694 -0.7520569 0.6096795
-1.492113 0.6169535 -0.3699875 1.051758 0.2385253
