-1.730141 -1.381436 1.37785 0.1779442 0.8872695
1.535965 0.01680376 1.34855 -0.1634897 1.341341
-0.4936188 -0.4538811 1.103245 -0.8748951 0.3376828
-0.3775479 0.449089 -0.1407475 -0.6442339 -0.608226
1.062047 0.4441352 -1.010452 0.4340005 0.2459103
-1.068058 -0.715328 -0.7519225 -0.8679187 0.1048556
1.029937 -1.806916 0.4018045 1.602552 -1.555751
0.283165 0.9854951 1.376693 -0.4197439 -0.7969126
-1.629143 -0.6537153 -0.3073232 -0.6546996 1.842582
1.735255 0.7196595 -0.7148508 -1.299147 -1.626701
-0.2283025 1.10951 0.6632357 0.6729206 -1.746253
0.4095741 -0.2608048 0.6903585 1.092516 -1.169468
0.5337725 -1.150924 1.510305 0.8261711 -2.421087
-0.5238744 0.2081788 -0.1556657 0.8193974 -0.680248
0.4748457 -0.4763462 -0.5575324 0.1251596 0.754468
-0.7336048 1.332041 -2.121135 2.17653 -0.4483542
1.844838 0.4226548 -1.743738 0.01359386 1.543226
0.2108156 -0.5293349 -0.6331662 1.259039 1.389955
-0.1411963 1.120811 0.14188 -0.6328454 0.9044857
-0.01722622 0.1583151 -0.5204623 0.7638947 -0.3981685
0.1767436 0.6042996 -0.1591464 1.110268 -0.7148831
-2.105448 -0.84793 -0.1572496 -0.09271784 -1.005504
1.138552 -1.194512 1.015798 -0.2764482 2.026801
0.42493 -1.065277 -0.1522321 0.6146156 1.022861
-0.1511527 1.943338 -2.497518 0.6576006 -1.847672
0.8566796 1.317318 0.3868379 0.1820618 -0.627545
-0.1751558 -1.125696 -2.286397 1.024517 -0.2346433
-1.621962 -0.8387949 2.043813 1.944792 1.034531
-1.478477 0.6650392 -1.468303 1.056417 -1.565924
-0.1213369 -0.6553359 -0.76967 0.479026 2.319083
-1.413576 -1.811721 0.2241634 -0.3700099 -0.5097161
0.345979 -1.277 -0.3720436 -1.422398 -1.001774
-1.428162 0.5465739 0.3579388 -0.04825959 1.815614
2.055103 -1.405217 -0.5011305 -0.9052466 -0.005459483
-0.9885426 0.3128373 0.6125272 -0.1149834 -0.4613733
0.8475816 0.3686192 1.539262 0.6117589 0.425009
0.6605964 0.1635682 -1.319063 -0.5349551 0.3559332
-0.1116934 0.4283218 0.06922081 -1.512393 -0.5324274
0.6095957 -0.5036178 -0.3992497 1.236706 -0.1893731
-0.7949085 0.0359849 0.3748982 -0.2769019 -0.1048339
0.06153654 -1.350425 -1.407375 0.9027952 1.075001
-0.9673695 0.3157921 -1.156675 -0.5004566 0.5898773
0.6578553 0.07794115 -1.15052 -0.8180811 -0.7269022
0.2129919 0.8526444 -0.3674954 1.217503 -1.124216
0.4799583 0.8641941 -0.1291462 -1.173939 1.593942
-1.065656 0.6030585 0.5177213 1.458486 -0.537714
-1.369444 -0.06581487 -1.554079 1.684228 -0.8457639
2.530173 -0.4269292 0.1768314 -1.09397 -0.3102891
0.4002514 1.853797 0.6738698 -0.4305666 -1.670129
-1.389021 -0.632915 0.08474111 0.05857096 2.212446
-0.1036185 0.3237004 0.3692229 1.688873 0.01572055
0.235007 2.934914 -1.351333 0.1347881 0.5812365
-1.156984 0.3102294 2.208551 0.7597184 0.7495372
0.17436 -0.7644479 -1.015155 1.276607 -1.453039
-2.50375 0.01585187 2.392552 0.6980528 0.6678
0.117716 -1.407935 -0.04076269 0.2451654 1.539068
0.8096464 -1.522094 -0.3855071 0.7694615 -1.680889
0.8288995 -0.1418413 1.716077 1.472621 1.063526
1.002873 -1.031664 -2.289952 -1.424296 -0.9120302
-0.2287536 -0.02591015 0.4270013 -0.3257958 -0.1348056
-1.730084 0.4169156 -0.6084221 0.6722314 -0.5529032
-0.9083543 0.2521005 0.8224686 1.039783 -0.8256295
0.8542886 0.5869995 -0.2177039 1.279939 0.8103575
-1.216606 -1.748216 0.329945 -0.1152975 -0.3526017
-0.3388322 2.44348 -0.8680392 -0.9685926 0.5616744
0.1331804 -0.7642883 -2.407523 -2.363579 -0.6488567
-1.141859 0.6118654 2.049425 -0.2332432 -0.3735197
-1.148639 1.199574 -0.5124089 0.8031692 -1.019768
-0.3111425 1.344932 0.3097004 0.8764736 -1.549792
0.9087084 0.7546587 0.523938 -0.8948583 0.02390061
-0.2758882 -0.819791 -1.644685 1.829331 -2.67619
0.9541591 -0.9602409 -0.3771146 1.598656 0.05608582
1.043825 -0.6748943 -0.6727918 0.7280656 -1.812153
0.6604205 0.4452016 0.5234801 -0.6867684 -0.8111152
1.090932 1.618595 0.1582408 0.7944366 1.22408
-0.3724796 -0.4372933 -1.584839 0.02956804 -1.702392
-0.8404991 1.184287 -0.2728902 -0.07154074 0.3879557
-0.3160828 0.4223904 -0.3313877 -2.217359 -2.239298
2.696793 -0.8691693 -0.8471355 1.092192 2.147235
0.292908 0.2157446 -0.4850491 -0.3550041 -2.097599
0.7494449 -0.500642 0.693425 -0.8650295 -1.143782
-1.037518 0.1183977 0.07567878 -1.103142 0.916288
-1.09609 -0.3490739 0.09502039 1.0318 -0.7302265
-0.05367414 0.9618951 -1.095268 -2.647417 -0.2591848
1.460555 -0.2223658 0.407357 0.9476891 1.22958
0.7681473 -0.3766907 1.348777 -1.474051 0.948427
-0.792303 0.3797806 -0.6972397 0.1447055 -0.5245161
0.3255302 0.1519499 1.358091 0.1564171 -2.195917
1.370112 -0.5595442 0.02406834 0.5247157 1.064081
-1.112946 -0.3118695 0.8892668 0.3582177 0.4134914
-0.1362409 1.620547 -0.740231 -1.406932 -1.242809
0.3282509 -1.182158 -0.731196 0.9011448 0.4110108
-0.02679786 0.1076488 1.128051 0.9252813 0.556869
-0.1925356 -1.164881 -0.6248252 -1.093212 -1.259278
0.4332143 0.3772482 0.1818945 0.4552767 -1.843722
0.5720173 0.2903389 0.6123328 0.5542242 -0.5216468
0.3886535 1.303649 0.05918082 0.273301 0.7191507
-0.7855174 -0.1617153 -1.778364 -2.152131 0.637513
-0.4875207 -2.336886 -2.103224 0.285298 1.276207
1.333564 -0.1000796 -1.067589 0.1901031 0.298084
-0.5143772 -1.718815 1.506335 -1.347201 0.2339847
0.3619448 1.474972 -0.6220366 -0.839914 -0.07771745
0.1372042 1.552765 -0.4406373 0.1277924 -0.5355618
-0.3739438 -0.3934795 -1.145069 -1.239719 1.448057
1.720361 -0.9596972 -0.2845207 -0.7066363 1.380852
0.6872787 -0.8243609 -1.45034 -0.4875152 -0.2150422
0.3952234 1.149047 0.2440503 0.02784666 -1.94568
-1.263488 -0.01641265 0.2097027 -1.294025 1.970226
1.325097 0.4020899 0.683885 1.822635 -0.02624467
-0.1466212 -0.613911 1.281978 1.101806 -1.584545
0.3324122 1.536503 2.174809 0.2106678 -0.5752091
-1.138509 -0.007033484 -0.3062893 1.849293 0.07760579
0.7232317 -3.108514 0.3964708 0.7716671 -0.8310312
-0.8313708 0.2940995 1.718898 0.7098676 0.3003721
-0.3838444 -1.390329 -1.059436 -1.092746 -1.356765
1.868649 -1.266589 1.752142 -0.9120488 -0.3915022
1.584832 -1.016109 -0.3317859 0.7765223 0.7567838
-0.3865613 -0.4109609 -1.112852 0.6669373 -0.9601819
-0.4424683 1.021297 -0.2833742 -0.4233163 -0.3254919
0.3026455 0.8225092 -0.001415776 0.09292409 -1.084425
0.9880797 0.1850545 -1.820794 -0.6656836 -1.214617
-0.8402766 1.272301 -0.2094566 -0.6336619 1.860105
-0.1177932 1.178475 1.678557 0.1577491 8.614308e-05
0.8781247 -1.024601 -0.2537827 -1.205407 1.081046
-0.4438324 -1.208312 1.098469 -1.401289 -0.2681476
-1.180506 0.5511268 1.043382 1.021887 0.4348448
-0.2712642 -1.348453 -1.287138 -0.1177641 0.4500522
-1.782462 2.305783 -1.868884 1.289685 -0.6052231
-0.3637469 2.206081 0.1947506 1.579419 -0.5457195
1.932626 1.441516 0.4804001 0.8226561 -1.399175
0.5342911 0.0872382 -0.4941425 2.454652 1.753356
-0.9279248 0.5554288 -0.03991276 0.5647791 0.5437825
-1.37691 -0.7450298 -0.6536235 -2.239419 0.29589
-1.724863 1.294203 0.9616811 1.37976 -2.127595
-0.08538671 -1.973735 -0.6711865 0.861567 0.1778272
-0.3422525 -1.830353 -0.5693191 1.657352 -0.7338591
0.2940256 -0.0239977 0.8367408 0.3644804 0.4310959
0.9371912 0.7052382 0.463979 0.5779091 0.5473989
-1.485868 0.410991 0.294557 2.159708 -0.8502261
-1.692197 0.6072344 -1.302689 0.7043944 0.2527091
0.5797602 -2.364695 0.008055229 0.2299845 -0.7226207
0.4751353 -0.9639687 0.7729681 0.2951755 -0.9095039
-0.6152854 0.2129162 -1.130559 -1.30706 1.046266
-1.566493 -0.3051586 -2.684589 0.2537292 0.3882557
-0.3105075 1.985569 1.168812 0.9416904 0.5958121
-0.4156968 -0.2119949 0.1613988 -1.406269 0.2931155
-0.3344791 0.2065825 -0.7977694 -0.1483566 -0.3168176
-0.997831 -0.6928429 -0.4979335 1.25876 0.511469
0.1502936 1.24413 -1.105843 -1.516778 -0.355938
-0.03859435 -0.804408 2.299569 0.6629439 0.619135
