-0.630621 0.1360705 1.240167 -1.446625 0.6331216
-0.9667221 -0.2043919 -0.02057761 -0.07222218 0.3574252
-0.9781016 -1.987555 0.04738241 0.4249428 0.1913492
1.109663 -0.5812468 -0.2804979 -0.9672793 -0.8126736
-0.6818037 -0.8535746 1.293137 1.366176 0.228664
0.8595734 0.4438567 1.498651 1.729928 -0.4251337
0.9681805 0.8706516 0.988943 0.2337559 1.39789
-0.9838022 0.3499011 -1.293681 1.545131 1.398523
-1.82726 -1.099604 -0.690591 -0.7297897 1.504106
-0.8532646 1.293532 0.9229801 0.0162919 0.4954404
0.8852759 0.7413669 -0.06178765 0.1585144 -0.0226838
-0.6818204 0.2382452 -1.189972 -1.431336 0.8260585
-0.1120042 1.142927 1.40052 0.3139261 -0.3260501
0.2262256 -1.557562 1.687533 0.3737294 -0.5307052
1.796818 -0.1695236 1.956536 -0.5871437 0.6354265
0.1002033 -0.5616557 1.551565 0.02351371 0.7206251
0.8318102 1.143194 1.648772 -1.162627 -1.807752
0.6369986 -0.7653479 0.758167 0.4841535 0.6966769
-0.5363441 1.208937 -0.3401828 0.1467596 -1.776706
-0.7107746 -0.8903638 -0.08047813 1.491934 -0.4612027
-0.3677099 -1.474373 1.380408 -0.5172719 0.181569
-0.9625105 0.3790187 -0.2282553 0.3325671 -0.4873875
0.856258 -1.217952 1.759805 -0.2826546 -0.3848093
0.8666983 -0.1463637 -1.742176 -1.077007 -0.2408083
-2.309347 0.5963473 0.7606552 -0.70591 0.01984057
-0.4961493 1.892821 -0.9856428 -0.6875756 0.6655697
1.689652 2.116902 0.6978815 0.795195 0.3614787
-0.5540317 1.356807 0.4506278 -1.291735 1.22262
1.200419 0.167066 -1.427371 0.1056975 -1.006311
-1.896803 0.473583 0.5688795 -0.3377614 -0.5246409
-1.969768 -0.4945527 -0.7099211 -1.361009 -0.6500015
-0.8770323 0.1068251 0.1205591 -0.5944538 -1.319869
1.976745 -0.3804464 0.9570507 1.360187 0.07494095
1.015984 0.1503608 -0.7805385 0.7149535 -0.9888169
1.44486 0.3570493 -1.616802 0.4113999 0.07685674
-0.2842565 -1.13733 2.447396 -0.2033752 -0.7027025
0.1820656 -1.221762 -0.5135504 -0.4293145 -2.407597
-1.49759 1.101541 -0.395388 -0.435448 0.2411641
0.1275614 0.9098157 -0.3287901 -0.6381846 0.4710446
1.084409 -0.331764 1.014611 0.9978503 0.6497435
0.3339666 -1.555848 -2.171051 0.262345 0.6934593
-0.8411189 -1.458424 1.427256 -0.5576634 0.1073581
-0.2003056 -1.870416 0.3526416 -1.282183 0.02141665
1.279776 -0.4415245 -1.199272 -1.142678 0.0744291
0.9423965 -0.9868213 -2.292897 1.285365 1.080587
0.278628 -0.3468535 -1.487167 0.8620302 0.5889522
-1.818926 0.2302578 -0.9757632 -1.242137 0.6766377
1.285654 0.9986775 -2.526397 -1.585087 1.668687
-1.742063 0.8992584 0.3356019 -2.350844 -0.2303657
0.7632739 -1.081082 1.719457 -0.02791405 0.2559042
-0.4743437 0.7779998 0.3234001 0.2670446 -0.7878884
-0.3390241 0.861122 -0.6814566 -1.064252 0.3426308
-0.03641429 0.3909827 -0.2659982 -0.8527308 -0.8854301
-0.1426941 -0.7015377 -0.9187366 -0.8718841 1.654046
2.13921 0.0793446 -0.1368166 -0.2854805 -0.8573861
-0.04308333 -0.3622054 0.01694153 0.1507851 0.2527068
1.063493 2.560071 0.4346938 -1.323197 -0.7791485
-1.12876 1.91861 0.3915747 -1.350914 1.116392
1.289964 -0.009535938 0.2061777 1.190484 1.225281
0.546636 -1.229049 -0.5802409 -1.763092 1.293682
-2.270372 -1.6085 1.116986 0.2892868 1.169941
-0.0204122 1.310119 0.01899151 1.399147 0.4248589
-0.5868241 -0.380223 -0.566005 -0.1848611 0.5142432
-0.4624302 -1.446613 -2.738635 0.367271 0.3120663
-2.650757 -1.181458 0.3546374 0.06957379 0.05850939
-1.349169 -0.704534 -0.719528 0.9701909 -1.43573
0.2863365 -0.242742 0.5624855 2.974365 0.001855164
-0.2065276 -1.896696 1.09615 -0.8191048 0.5594789
-1.271894 0.007476136 0.4495037 -0.1385621 0.7937285
-0.1103327 0.4986008 0.03483377 -0.0821003 -1.299271
3.481727 0.52733 1.127898 0.654128 -0.6349108
1.762745 -1.526554 -0.8387818 -1.911968 0.6254792
1.514143 -0.7820563 -1.423628 0.8650452 1.05127
-0.02794095 -0.1401935 -0.2142838 -1.159901 -1.568552
0.8917535 -1.266437 0.7638196 -0.4822506 -1.364924
0.4361256 -0.45017 -0.03423956 -0.3761516 -0.9257195
-0.9011584 0.07609754 0.4114528 0.7233017 0.6711729
0.2892126 2.509834 -0.3983631 0.9889118 1.34518
-1.106685 0.903328 -1.708801 0.6453485 2.219864
-0.1959321 0.3747636 -1.089966 0.4463829 2.217785
-0.4230154 1.498888 1.83468 -0.1759548 0.7498541
0.1158238 -0.8161314 -0.234169 -1.613898 1.433682
0.4489958 -0.6184932 -0.7152784 -1.561647 1.254894
1.903615 -1.839388 1.437805 -0.1669026 -0.3059294
0.2405982 0.5457084 -0.6417684 0.1980372 -0.2356556
-0.09082585 -0.2792515 0.8042559 -0.4800297 1.101993
0.05153297 0.1295816 -0.281378 -0.3709967 -1.80798
1.49399 -2.36895 -1.116267 -0.7298519 1.205967
1.207227 -0.6389882 -1.524671 -1.04182 0.3474612
-0.3910095 -0.9355649 -0.09819756 0.4073366 -1.188295
-1.292667 0.9527287 0.5775509 -0.4073289 -0.510982
0.09724508 0.1891675 -0.7943407 -1.005906 2.329371
0.4373841 0.9440636 0.5236334 -0.1262595 1.231713
0.288821 -0.5691714 0.04980714 -0.3649742 2.457541
-0.5086328 -0.1192197 -0.5532426 0.005408714 0.1615324
-1.522149 -1.939564 0.9977963 1.608714 1.137169
-0.2361294 -0.9645598 -0.2614624 1.14507 -1.404376
0.5085806 -0.1093854 1.025125 -0.4333391 -1.856056
-0.04016291 0.8147093 -0.3083746 1.241979 -0.6427597
-0.1179946 -0.3501225 0.8998209 -1.015712 1.238736
0.4658061 -0.2598144 -1.04963 1.598159 -0.7926228
0.3425909 -0.1303092 1.105181 -0.288631 2.530313
0.5144528 -0.4790369 -1.919703 -0.2501313 0.4882289
0.5906333 -0.8376207 -0.01826499 -1.121853 -0.07548008
0.3301057 -0.3587016 1.006139 0.2634515 0.7064774
-1.377911 -0.3228591 0.4690039 0.1023603 -0.7901067
0.9245743 1.076225 0.6354361 -0.4769203 -0.6154357
0.2278827 0.6713023 0.4734152 -1.480503 -0.5442893
-0.9399705 1.145796 0.9894364 0.7269261 -0.6273517
-1.010544 -0.9392974 0.3670804 0.3882853 1.44092
1.646453 0.02862883 -1.708823 -0.7213707 0.1374153
-1.044199 0.5935491 0.8480582 -0.8311463 -0.7334049
0.4811009 -0.1194072 -0.07290126 -1.304536 0.774014
0.3577581 2.840693 -0.4865764 0.3221394 0.1054969
-0.4453234 -0.5119219 0.5492831 0.8765355 0.5683782
-1.54509 -0.5274104 -0.3600056 1.309632 -0.2515099
0.2940338 -0.4215236 0.2294535 -1.342196 -1.191141
-0.9992461 0.3749923 1.084438 0.1518769 0.6426586
-0.1106622 -0.6570819 -0.9960115 0.9982013 -0.000230238
0.3713093 0.564137 1.852199 -0.5432447 -1.288644
-2.492428 0.7134841 -0.7343955 0.1504949 1.669855
-0.2944407 -1.107871 0.6468383 0.4273991 -0.83311
-1.693597 -0.8192137 -1.358704 -1.835862 1.024464
0.5407095 -0.232843 1.994294 -1.655405 -0.9682935
-1.138821 -0.5648617 1.080497 -1.79659 0.3358354
0.4865014 -0.8360226 -0.2992317 -1.137055 0.8976496
-0.3772552 0.5326629 -1.216611 -0.437013 0.5076788
0.4741415 -1.476511 0.9571342 -0.5357891 0.4615536
1.616155 0.7655436 -1.448413 -0.9520051 -2.582004
0.5555149 -2.148922 1.756708 1.097856 -1.135865
0.1468557 1.00672 -0.1375517 -1.402896 0.3437945
-0.4183458 0.06961116 -0.8844427 -0.5240409 0.3424074
-0.01123806 -2.335515 1.850498 0.8144745 -1.550404
-0.3497049 0.9135224 0.9416069 1.512295 -0.07288933
-0.3885461 -1.80187 -0.3497129 -0.08314935 -0.6741589
-1.559668 -0.3137369 2.875967 -0.7491531 -0.5922657
0.1790689 -0.6387441 0.6710849 -0.9140559 -1.143361
0.2708261 0.1140145 1.346593 -1.177746 0.4673822
0.05696026 -2.166451 0.685398 0.3390215 -0.3674331
-1.134128 0.4469486 0.3244686 0.02777972 -0.170678
-0.2628607 0.5664198 -1.158404 -0.5481756 0.4157909
0.701745 -0.2312044 -1.189772 -1.774765 -0.3319601
-0.05003501 -0.5459084 -1.579289 -0.03649395 0.9375667
-1.303507 0.04917123 0.117463 0.1342524 -0.3170367
0.6444161 -0.05639654 1.293211 -2.058594 0.8318571
-0.4741719 0.4480348 1.051987 -0.9058424 1.945317
-1.293754 -0.3193351 -1.180168 0.1705489 -0.4945674
1.727938 -0.3632525 -1.959795 -1.698027 0.1718152
-0.3129778 -1.652395 -0.9412514 -0.7736672 -0.8490681
-0.878115 0.1633813 -0.2236972 0.2097715 1.102747
2.248595 0.7885519 0.9075688 0.8493631 -0.1495294
2.446992 0.333563 0.6406641 0.8556123 0.4946954
0.7979693 -0.1972998 0.2866394 0.06000713 -0.3011568
-0.804838 -0.4728822 0.4925753 0.4700763 -0.1918926
0.2959956 -0.6122092 -0.1151508 0.6731301 -1.900384
0.2266347 0.5985333 0.9863649 -0.5395527 -0.5644843
-0.7674722 -1.09746 -2.038371 0.3879698 -1.094956
0.5431967 -0.5705831 1.150422 -0.1039037 -1.236457
-0.8127546 -1.589075 -0.4084163 1.537309 -0.2261348
-0.7598727 -1.06557 -0.02024184 -1.097796 0.1586681
-1.441238 -2.118216 1.663519 0.2552778 -0.9823151
-1.049125 -0.2355438 0.3574598 0.4647453 0.3510826
-1.17735 0.8968553 0.7103131 0.5392802 0.07001285
1.334615 1.306017 -0.886262 -1.163595 -1.190782
-0.16881 -0.5240245 -0.4760643 1.624942 -0.4188637
0.5952433 0.2201512 -0.05718437 0.9311174 0.3588793
-0.8747359 1.136434 0.06956787 -2.022324 1.130109
1.469768 -0.1571459 -0.1356995 1.773504 -0.9283227
-1.445082 -0.566777 0.9203491 -0.569716 -0.4855897
0.003179436 -0.199357 2.385048 1.174538 0.8430457
0.1007869 -1.342313 0.5454225 -1.137691 -1.197528
0.2412315 0.430327 0.6972102 -1.364131 1.806479
-1.731552 -0.138358 0.3861181 -0.9432034 -0.5756681
-0.8643628 0.8053864 0.3012472 0.1410713 0.5709495
1.727369 2.052657 0.9877644 0.2028352 -0.3066374
-0.336407 0.987573 -0.1027283 -1.110928 1.767793
-1.423032 -0.3566639 1.224092 -0.1059355 0.5899516
-1.74189 1.642022 -0.008956163 -0.5683222 1.855533
-0.91249 -1.308349 0.7410919 -0.1751126 0.574845
-0.6634447 0.8457734 -2.145521 1.723927 0.9368757
-0.1067115 -0.6580906 0.2775757 -1.361179 0.9813326
0.03949456 0.454489 0.5888904 -0.4846336 -0.08349598
-1.036334 -0.8556915 -1.929424 0.3492919 -2.133568
-1.504029 1.340264 0.8054232 -0.1180221 1.271221
-0.09802007 -1.733537 -0.09291002 -1.206102 0.0678558
0.6012656 -1.613156 -0.4244535 0.1817224 0.5904458
0.4262929 0.1048642 1.389419 0.1038445 -0.6523238
0.1114867 0.4522201 0.5356298 -0.9166325 -1.002616
-1.211569 -0.2267475 0.1439983 0.6911038 0.08828761
1.529621 0.174825 -1.577306 -0.4021202 0.901964
0.6346491 -1.167988 -0.1069103 0.8427776 0.478306
0.06711649 1.274223 -1.296856 -1.088847 -0.3308415
-1.416175 0.2283349 -0.6949485 0.8537687 -0.5090983
-0.756013 0.3579636 0.715777 0.7279256 0.1360755
-1.088869 0.9966735 -0.3694694 0.281334 -1.383251
2.011228 1.055714 0.2423639 -1.144381 0.4184299
-0.1782805 -0.0001291689 -1.177566 2.787133 0.6915458
-0.7637674 -0.6604855 0.698974 -0.02408245 0.5810185
0.4528522 -0.187181 0.05106854 -1.121348 -0.3084945
-0.006733598 0.0686367 -0.2386406 -0.6144732 -0.4426076
0.3240778 -0.406971 -0.3268997 -0.5114533 0.8870893
-0.155291 1.298104 -0.5960762 1.123694 -0.7732546
0.8122135 1.053662 -1.263225 -1.419837 -1.568514
-1.103478 0.3099618 0.03823347 0.2405931 0.2647369
1.685491 -0.1304842 -0.3573559 0.3225302 -1.204983
0.5541554 0.6579603 0.432288 0.1367318 2.167854
-0.1532535 -0.08853411 -0.3224184 -0.3179725 1.132422
-0.2047039 1.45444 1.070477 0.5406482 -0.5578526
-0.210742 0.01723351 1.447581 0.3289667 0.5213885
-0.7456498 0.2332309 -0.4566055 -0.1701771 0.3261149
-0.9504165 0.3287189 0.2801765 -0.08934002 0.3355905
2.28 -0.7606708 -1.547079 -1.13816 0.2827406
-1.317674 -1.408608 0.5521082 -0.241542 0.812782
-0.1997335 0.9508881 0.360823 1.38863 1.560181
-0.8262997 -0.04244733 -1.696128 0.9636433 1.009287
-0.6220152 0.3830484 0.4728398 -0.4591968 -1.474175
2.305702 -0.1778465 -0.9471379 -0.6006469 1.233941
1.535556 -0.7933344 -0.8182396 1.546343 0.8212734
-0.6328141 0.7661823 0.6978227 0.2014957 -0.5073618
1.569546 2.355682 0.2124561 -0.1158572 1.481997
0.4544329 1.737044 0.9932682 -0.7388277 -1.894551
0.0262212 0.7175672 -0.7738404 -1.156481 1.68856
0.3267735 -0.7871889 -0.1718329 -0.0541995 -0.8513294
1.210682 -0.9437201 0.5176846 -0.8548093 1.507936
1.874634 -0.9742965 -0.1320224 -0.0291374 -2.385803
0.7916636 -0.7945767 -1.208059 -0.873626 -0.1070536
0.5803604 0.05856819 0.04471217 0.1130663 -1.425195
-0.3638837 0.08098962 0.4638914 0.3095817 0.02868648
-0.6957187 1.107979 0.2551581 -2.659022 -0.603338
-1.267496 -0.2148709 -1.782413 1.005046 -0.4918452
1.611025 0.5280351 -0.7710927 0.4239532 -0.851998
1.542512 -0.2665577 -0.0557259 -1.121655 -0.427722
-0.4066651 -0.5536501 0.6795305 0.1631945 1.210073
0.6600446 1.234224 -1.725812 0.2017201 -0.5440344
0.3332674 -0.6622729 -0.5200917 0.3346442 -1.18331
-1.020102 -0.4051158 -0.08826577 0.3915517 -0.2802917
-0.9954146 -0.9282411 0.2050007 0.8319567 -1.184942
-2.31613 0.7635548 0.5789581 0.2119292 0.6517496
-1.828236 -0.7113179 -0.537753 -0.7109876 -1.201823
0.7222316 1.716897 0.2505918 1.459476 -0.6342665
1.168622 1.14168 -1.044597 1.040633 1.034243
1.716892 -1.544918 -1.072392 1.182867 -2.955018
-1.326474 -1.196253 0.703808 -0.005930902 0.8569441
0.8138357 0.8386216 0.7124267 -0.06992577 -0.5927276
0.1255484 -1.817798 0.03955723 -0.4068007 1.200318
-0.9390013 0.9303229 0.373786 0.04400111 0.7160895
-0.6561328 -1.615827 -1.246325 0.8924561 0.2727558
-0.5755839 -1.696755 0.6482145 0.6720627 -0.5484484
0.4201456 0.9223413 0.1221653 -0.1238814 0.2185778
-1.15101 1.350588 -0.2495946 1.123328 0.04401289
-0.2886479 2.667426 0.8559747 1.736097 -0.274644
0.8068193 2.399858 -0.3074184 -0.9728526 0.8624921
0.1505778 1.619872 -0.4449123 1.609465 -1.092277
0.02220303 0.5257983 0.4101566 -1.088653 0.652001
-1.094201 1.541146 -0.9301479 1.314532 -0.6095016
-0.6656456 -1.454609 0.7976574 0.06680867 0.02868167
0.4586766 -1.367786 0.6014945 -0.8483598 0.5393725
-0.1385744 -0.3921445 -1.08631 0.04010733 1.43895
1.399639 -0.2252503 2.075569 0.3997061 1.516487
-0.7913922 0.9655832 -0.9406952 0.6150142 -1.045773
0.03780125 0.2061397 -0.428209 -0.3810623 -0.3701911
0.8183711 -0.63433 -0.06651192 -0.3438051 -1.126908
0.5923846 -0.4048635 -0.5835201 1.269234 0.3670771
-1.279452 0.3552958 -0.2575246 -2.025499 0.3439439
-1.000916 -0.0981259 -0.4034336 -0.399987 -0.06650351
-0.6096323 0.3920091 0.2605558 -0.7836138 1.920062
-0.1237039 -0.093492 -1.306914 0.5861723 -1.213797
-1.081803 -0.3820747 -0.7802038 0.7679992 -0.1193692
-0.1258211 0.03056188 0.2099663 0.481922 -0.3977857
0.6217967 1.234849 0.1163383 0.3782227 -2.084111
3.30434 0.1715232 1.106791 2.083077 -0.5405078
0.2523006 0.3340595 0.7483733 -1.069251 -1.540579
-0.7579708 -0.2687063 -0.5296042 -1.002708 0.4580939
0.6208047 -0.416209 1.007857 -0.9720284 0.8139333
-0.4846477 1.150963 -0.5176558 0.4250956 1.041302
-0.4826031 0.7928399 1.513122 0.1415326 0.8880076
0.7196374 0.2038158 -1.400215 -1.980902 0.5482457
0.07771077 1.302016 -0.8232548 -1.079884 -0.1786921
-0.09699892 0.8706494 -0.02375273 0.9197108 -0.8289691
-0.4963233 0.3287873 -0.1854507 0.4049314 0.3644475
-1.489354 0.7418075 -0.1383802 1.216751 -1.32124
1.240598 -0.5117716 0.1619862 0.6512443 -0.399096
-1.1023 -0.9963285 -1.774044 1.551953 -0.4203594
0.07934995 -0.0320238 -0.4658798 0.2478538 1.369155
0.1706513 2.169399 0.8115558 -0.2634641 -0.8534836
1.05477 -0.6277501 -1.30631 0.5470186 0.5699003
-0.4710448 -1.332955 0.6509222 -0.5974989 0.796443
1.017851 0.7124272 0.8771815 -1.059723 -1.6072
-0.5925852 0.3483824 -0.2609898 0.626545 1.545583
0.233328 -1.512909 -0.2218567 -0.4788348 -1.020164
-0.5509682 -0.01940333 0.7163637 1.335739 -0.5280755
-1.891656 -0.3481642 0.123521 -0.6664922 0.2993324
-1.23806 -0.2440162 -0.4525651 0.4751669 0.6839824
-0.1809288 -1.60996 0.259831 0.07775201 -0.4182928
0.5427857 -0.4325064 -0.157582 1.997115 -0.3942531
-0.3672778 -0.1108108 -0.7170198 1.96263 0.7537852
-0.5657287 0.06479222 -0.1899763 -0.1116725 -0.5212719
1.36216 0.7899935 -0.807576 -0.07644138 -2.572537
0.6993667 -0.5255433 -0.644597 0.1844719 0.3222003
-0.865128 0.3656209 -0.1279865 -0.5742314 0.3555423
-0.4813798 -0.9915712 -0.08708954 -0.1907145 0.1672647
-1.262259 -1.022545 -0.05794256 0.7520884 1.762274
-0.500552 -0.4687172 -1.492994 -0.3690927 -0.6250088
1.613119 0.7177462 -0.5858932 1.609441 0.3146812
-1.407435 0.9003788 -1.390005 1.810448 -0.200574
-0.3990286 0.4570718 0.4937942 -1.64318 -1.298349
-0.1267446 0.4331883 0.05956579 -0.3316925 -0.5672849
0.0005790692 -1.226491 -0.2376997 0.8588718 0.9742918
0.6023022 -0.6823203 0.6056436 -0.8194857 -0.6028879
-0.4703685 0.8707477 0.9189939 0.4631229 0.2591476
0.4603989 0.06527365 0.6495295 0.6595752 0.7922258
-0.190797 0.4551665 0.6676102 -0.2139402 0.2996099
0.6661014 0.4110872 -0.4983629 -2.235088 0.9891172
-0.9192226 0.4913303 0.9313578 -1.080225 0.9673447
1.107461 1.144575 1.31894 0.8582908 0.1402879
0.4231281 0.6887783 -0.9885756 -1.346403 0.3754689
0.4038192 1.729119 0.1980212 -0.8074049 0.6889471
0.3192642 1.24454 -0.5380527 -0.6136433 -0.9587501
0.5958259 0.6794643 -1.295009 -0.8790068 -0.3801028
0.2009916 0.7450115 0.4146481 0.1719188 -0.004301128
-0.3503865 1.071996 -0.02555466 -0.199362 0.5519624
-0.5712136 0.047049 0.39293 -0.9914667 1.256155
1.891272 -0.1718451 0.7762159 -0.847194 -1.483477
2.091975 0.3655268 -1.804116 -0.3194578 -1.134151
-1.07685 0.02538127 0.2566554 -0.406068 1.002638
0.4435137 -0.9107902 -1.94158 -0.01358656 0.9603886
-0.5824312 -0.4421119 -0.2138256 0.7441211 2.376191
-0.04808641 0.06533527 -2.222993 0.8077489 -0.6637196
-1.643682 0.1842107 -0.2059485 -0.2771184 1.181672
0.2687193 2.314951 1.067411 1.217248 -0.0002181527
0.0643911 0.0006381677 -1.183326 -0.367403 1.018545
-0.4316221 0.05561411 0.542939 0.917326 -1.539797
0.5269044 -1.24004 -0.1825221 1.642076 -0.6663242
-0.9120756 -0.4980461 -2.213661 0.4513938 -1.356772
-1.170106 -1.388322 0.7255823 0.4053583 -0.8661007
-1.185559 0.7267861 -0.3095014 -0.6840791 1.304363
0.1685483 0.9510465 0.4338819 2.142927 -1.226361
0.4021569 0.8925213 -1.370886 0.5979807 0.9331006
0.03722741 0.8875817 1.044856 -0.08453758 -0.1644813
0.6138354 -0.00915521 0.8557207 -0.5548965 -0.1829156
-1.659316 1.819789 1.291322 -0.6267083 -1.867399
1.084607 -0.6093417 0.5052586 -2.269682 -0.7578904
-0.2337732 -0.7894951 -0.6970854 -1.703209 0.752982
0.9732046 1.326587 0.2466826 0.6464836 -0.7292061
0.6350016 -0.2347675 -0.5589334 -1.569609 1.626108
-1.762139 -1.083993 0.9343989 0.2685479 -0.672208
-1.319443 0.1129607 -0.08736356 1.949174 2.249021
-1.482665 1.907425 0.02755815 -0.1558988 -0.7439896
-1.396654 1.300801 -0.9072622 -0.4425443 -1.050448
-0.1399039 -0.67633 -0.9768618 1.375981 -2.131807
0.6010778 -0.09813024 -0.4215245 0.08339502 2.322279
-0.01483836 1.088398 -0.05178498 0.1708726 -0.9759307
1.360032 -0.8360085 -0.2954417 0.04276743 -1.672004
0.3256692 -1.922391 0.1531949 0.2913672 -0.8971506
-1.600717 1.453931 -0.817642 1.457905 -0.9400855
0.005789647 1.523338 -0.564513 -1.096823 0.1995607
0.5357465 -0.8807917 0.3614251 -0.1537272 -0.5020597
-0.2982529 -0.8016694 -0.6417751 0.3455791 1.877858
-1.711038 0.3350711 0.9731137 0.04227434 1.630697
0.3405258 -0.03672631 -0.2902464 -0.009494705 2.72589
0.709551 0.04656988 -0.05377213 -1.789908 -0.08573461
1.562381 1.784952 0.8248155 -1.360331 -0.05623813
-1.037476 0.1455842 0.4154405 0.9486975 0.3211944
1.576335 -0.641662 -0.4161474 0.7855919 -0.992925
-0.2701851 -0.706508 -0.1050381 2.109421 0.9613916
0.3242253 -0.9162982 -1.625356 0.3392875 1.042552
-0.3648025 1.162647 -0.03454238 1.721209 -0.07806701
0.9806839 1.73087 1.477952 1.145538 -0.1912498
0.6201849 0.1854091 1.027552 -0.5893913 -1.265561
-0.6242082 -0.1990072 1.085944 -0.005253569 0.1380894
-0.4765708 -0.9070271 -0.04937415 0.02545998 -1.063099
-1.219553 -0.4532219 0.3654394 -0.5112406 0.8413095
2.731704 -0.8966082 1.172533 -0.4452045 -0.2171059
-0.436128 2.126016 -0.5206702 0.3933842 -1.092689
1.879839 -0.2927953 -0.001413203 0.2366587 -1.562143
-0.03238464 -0.4937244 -0.5888619 0.03206067 1.954773
-0.2854396 1.232027 2.162614 1.483134 -1.239286
1.186457 -0.4611411 -0.05187109 0.005550232 1.215019
1.320246 -0.3335962 1.630591 0.6192542 -1.227262
-0.7777271 -0.2368862 0.8931201 -0.4459378 0.2190473
0.04472404 -0.4279486 1.294969 -1.850308 -0.9124829
-0.4067004 -1.620687 -0.3187959 -0.9923812 -0.6415943
0.2204674 -0.4210014 0.8441982 -0.4797707 1.016596
0.9300054 -1.704103 0.1263681 -1.476437 1.946418
-1.196259 1.072549 -2.100264 2.055669 -0.05850324
-1.539115 0.8283239 0.1114235 -0.2711699 -0.4351508
0.6904484 -0.510647 -1.265526 -0.5046831 0.889086
-0.3258315 0.3687326 0.4461195 0.3415349 -1.22598
-1.094094 -0.080793 0.1431384 -1.039844 -0.7495914
-1.554676 -0.2361921 -0.181723 -0.7324726 0.6899249
-0.1013365 -1.09743 -0.484332 0.03120233 0.9426004
0.590974 0.558773 0.2589557 0.5199762 0.1623962
2.129057 -1.28366 1.218237 -0.8646575 -1.724592
-0.8560343 0.2114541 0.3950718 1.576444 0.216306
0.6950861 -0.5871379 1.018411 0.1338495 -0.4718667
1.667548 1.399799 -0.7118773 -1.076401 -0.7433114
0.4357503 -1.283149 -0.3508524 -0.3170324 -1.429369
0.7375444 -0.6745886 0.8315456 0.8231716 1.213292
1.800734 -0.4038425 -1.816439 0.2185283 -0.07267793
-0.705183 -0.6137995 -0.7727173 -0.1054628 -1.094538
1.82575 0.4017528 -0.2007072 -0.7881849 0.3352449
0.7057925 1.776674 -0.9343823 1.158937 0.7708817
-0.9349472 2.632844 -0.2526131 0.3470437 -0.9185913
0.5616629 -0.6797067 1.587938 1.702311 0.1093176
1.492984 1.103988 -0.7044755 -1.508052 2.224976
0.4436793 0.2226889 0.4823801 1.523617 0.1593288
0.8676938 -0.1246768 2.186403 1.123642 0.03576636
0.9392997 0.442328 0.5342248 -0.3987917 0.5046671
-0.7588472 -0.3372252 -0.9299496 -0.5809012 0.4528433
-0.1466807 2.335295 0.9476418 2.082833 -1.578124
1.058802 -1.686546 1.884026 0.6862358 0.7333328
0.1055449 0.2729075 -0.2841784 -0.6519429 0.9010679
-1.035075 0.5972326 0.2366696 1.309887 0.8732815
-0.2062422 -0.3663999 -0.7554792 0.8046243 -0.6002964
0.3564913 -0.2758458 -0.4166741 -0.6272063 0.1936308
-1.10003 -0.4822323 -2.146287 1.207214 0.495437
-0.7118916 0.9792115 0.9054712 -0.5443624 0.1827981
0.3190902 -0.03301299 -0.5206078 -1.219057 -0.7881191
-1.488801 0.3224991 1.173145 -1.427438 0.8000859
-0.8040394 0.3841119 -0.6042843 -1.285554 1.187077
0.7788312 -0.01060811 1.451087 1.19227 1.082542
0.761133 -1.010266 0.3198882 -0.5436588 0.8007608
0.3829898 -1.276957 0.178393 0.407555 1.53754
-0.3291184 -0.3921228 -0.1268586 1.118367 -2.222709
0.6194959 0.6982663 -1.60231 -1.622814 1.418716
0.3960445 1.15786 -0.9675832 0.5757256 -0.5552999
-0.3542278 1.283332 2.605261 -1.363983 0.6663146
0.9455248 -0.1085226 0.7120088 0.1387983 0.220109
-1.470578 -0.3038959 0.879511 -1.417686 1.455533
0.5502172 -0.9661418 0.3080104 -0.789647 0.2872025
-1.212909 -0.2239273 -1.02428 0.1101463 -0.5281972
-1.386087 -1.782505 0.2112619 -1.820363 2.391974
-0.8818589 0.2817652 0.4226184 -0.389954 -1.06301
-0.9285912 0.6218133 -0.2127623 -0.6803411 -0.1211851
0.06042255 0.7815136 0.1545998 -1.190861 -1.119454
0.3106891 1.969403 -0.2045002 0.1180348 0.520495
-1.089756 -0.002408843 0.02529631 -0.795102 -0.680303
0.550993 -1.306813 -0.06244171 0.2049748 -0.8440229
1.722654 0.3166402 1.128004 1.286526 -2.190907
-1.064263 0.6951551 -0.283345 1.407611 -0.1797818
1.49282 1.203325 0.3046481 1.484752 -0.2372853
-0.7984604 1.34494 0.1195553 0.3219119 0.2632417
-3.688231 -1.247159 1.645982 1.914897 -0.8017774
0.491566 1.176773 -0.06075706 -0.06180663 -0.9788323
1.353643 -0.1751087 0.3462863 -0.2009936 -0.7754492
1.481883 -1.123682 0.109998 0.6117064 -0.5383446
0.8213548 1.023524 0.8356794 -2.528755 -0.622897
0.4870317 -1.342345 -0.07537821 0.2463292 2.563928
-0.1339387 -0.6805833 -1.215411 0.3305065 -0.3513445
-0.2821407 -0.5165166 -1.32806 0.266582 1.429596
0.04773442 -0.06250142 -1.759213 -0.1039192 0.2756491
0.7154696 -0.1454451 -0.8158883 -0.1451976 0.9531496
-0.6801081 0.5093438 0.1249462 -0.7395075 -0.1678038
1.918701 -0.5774321 1.063155 0.9289869 0.2720555
-0.4305215 0.8191466 -0.6447794 0.4783825 -1.209936
0.7139067 -1.324199 1.654995 1.164031 -0.6300518
0.3012456 0.9532224 -0.5094465 -0.5740179 -1.776527
-1.148938 1.000402 -1.488168 -0.7079305 -0.3441048
-0.8118108 -0.5381597 0.08797841 -0.608622 1.595232
0.316998 -0.6822805 -0.7873744 0.9092145 0.4643346
0.7455471 0.9507516 0.4491664 1.425815 0.4907764
0.5924593 -0.4526306 -0.02826333 1.614516 -0.5824043
0.3037503 1.733878 1.60788 -2.229193 -0.168703
0.5886992 1.525625 -0.009125462 0.2084751 0.6229497
1.405447 -0.1580302 0.8695147 1.827013 -0.1589799
0.3840901 -0.3046467 0.8305449 -0.9141603 -1.24093
1.179089 -1.259098 1.484799 0.11651 0.6385829
1.226061 -1.039188 -0.007854532 0.5485368 1.378708
1.017113 -0.2260021 0.4689359 -1.994217 -1.649892
-0.3848042 0.5270995 -1.791524 0.6433004 -0.04205904
-0.05316041 0.5388468 1.110271 0.5935837 0.02913329
0.2683307 0.316784 0.08492601 -0.3229131 0.8573579
-0.5529755 1.344445 -0.6890617 -2.104686 -0.4957789
-0.873864 -0.9630891 -0.5979323 -0.9750962 1.235137
-0.2296302 1.016101 0.6368239 -1.579675 0.6598629
0.877836 -1.15841 0.6753431 1.141184 0.4909362
-1.989735 -1.065684 1.500633 0.3503927 -0.5600381
2.138555 1.15935 -0.4508107 1.590241 1.03366
-0.6144272 -0.3340562 -2.033687 0.8129636 0.08996182
-1.229804 -0.5534308 -0.2257401 -0.9892842 0.5639026
0.3337649 -1.788293 -0.05238796 -0.5010532 -0.9214242
-0.1963484 -1.474683 -1.0819 -1.42463 -0.5234737
0.5263714 0.6567215 0.8722644 -0.1389441 0.995414
-1.163423 0.6039631 -0.8542407 0.4981847 -0.4056665
0.3787406 -1.527423 1.400462 0.5603468 0.3520012
-0.1214856 2.14126 0.008681402 -0.6435745 -1.700615
-1.023657 0.4968682 0.005185304 0.8915062 -2.094274
0.9475395 -1.435316 0.6485498 0.6188535 0.0349474
-2.193213 0.4072466 -0.8641657 -0.1131275 0.1509555
1.989667 -0.3605099 1.0183 0.4390002 0.4045543
-0.2224377 -1.872386 0.6776302 0.7713056 1.333554
0.594088 -0.5116956 0.7370238 1.094181 -0.5344063
-0.2053745 -2.383342 -1.270523 -0.3388111 0.2505743
-0.7316194 0.5923218 -0.416806 -0.1949722 0.8959629
0.9584485 1.720614 0.7813261 0.5162232 -0.500346
-0.9276932 -0.4092933 0.8459093 0.9021537 -0.368727
0.382929 -0.2965912 0.4934677 -0.4292279 -1.578622
0.630697 -0.7711016 0.3901403 0.009442639 0.8736614
0.08408267 1.020711 1.643364 0.5748248 -0.3089952
-0.2634228 0.4105924 -0.4012129 0.5196541 0.9787555
-0.8649499 -2.256606 0.7298646 0.1376971 -0.9355367
1.124771 -1.537635 0.0316178 -0.7744788 -0.4876982
-1.360031 0.3621028 0.05704187 0.3140424 0.3260881
0.1192168 1.477682 -2.723516 -1.169178 1.16505
1.213437 0.5158877 -1.285261 -0.7983239 1.098588
-1.776732 0.8967385 -0.4316522 -0.6930445 -0.07666607
0.02937716 0.786412 -0.1511039 -0.2839507 -1.490578
-2.058008 0.7957822 0.06523437 0.28063 -0.9679742
-0.7973711 -0.00445995 0.6964365 -0.1787659 0.5850314
-1.378795 -0.003800176 -0.2252115 0.9230566 -0.3142782
-0.3836412 1.38253 -0.7159503 0.2757768 1.043075
-0.6140106 0.1680358 0.8502185 1.812304 -1.124608
1.605338 0.8424778 -2.226803 -2.504036 0.855817
-0.06891371 -0.8994142 -1.336208 -0.8780783 -0.7198808
-1.562715 1.287184 -0.8788435 -0.550665 -0.1057997
1.887516 1.11979 -0.03760872 1.338497 0.5560637
2.353604 1.448369 -1.849403 -0.5839571 -0.5659955
-0.6983365 2.417012 0.1331988 0.4315197 0.8630252
-0.2404563 0.27684 0.2375097 -0.9908658 -0.7349177
-2.932607 1.852053 0.5280896 -0.4592177 -0.3264307
-3.2306 0.2523118 1.221942 0.572316 -0.2280447
-0.9049436 0.5543602 1.068064 2.082302 0.9905935
1.306812 -0.7795114 0.5810795 1.655884 0.05710683
1.460068 1.614052 0.05851176 0.4701228 -0.01602624
-0.4163573 -0.5699102 0.8291734 0.3542763 -0.8667002
-0.2247395 1.740822 0.9850258 -0.8426462 0.07724785
0.5646008 2.77322 -0.7752999 -0.0981551 -0.2759219
1.161098 1.156254 0.8404578 -1.350001 0.5620303
-0.493891 -1.95744 0.5539563 -1.173371 -0.3344197
-1.797566 -0.8308533 -0.02974214 -1.843486 0.004193194
1.095987 -0.8460352 1.829654 0.466894 0.8817501
0.04048904 0.3339819 0.7978743 -0.2144917 0.9636152
-0.04840712 -0.6027963 0.4064588 0.7610024 -0.6804024
0.7360867 -0.002660966 -0.8396189 -2.246638 -2.382717
-1.036432 -0.765199 -1.251968 -0.1848918 -0.7033237
0.1757954 -1.630314 0.3872899 -0.2186845 0.8029401
-0.2643335 -1.128114 0.1692166 0.1341954 -0.9228308
0.446144 -1.420496 0.4541802 -1.295268 0.3534285
-0.2974259 0.4557514 0.2644978 -0.8356594 -0.5117087
1.04476 0.4063443 0.08928511 -0.1964107 0.5637571
-0.730952 0.2660884 -0.3933115 -1.107433 -0.2522437
1.23067 -0.9067252 0.5414159 -0.6455473 2.246027
-0.3406295 -0.6879803 -0.2900521 -1.37505 1.063613
0.7764428 -0.1328564 -0.4371998 -0.3781432 0.8264893
0.258089 -2.468809 -0.3386363 0.3642387 2.609391
-1.357594 0.6542033 1.025908 -0.8135876 -1.416539
0.6660251 0.3976236 1.362102 0.5826716 0.6327457
-1.181289 -1.928016 0.6029493 0.7289879 -0.7891309
1.551767 -2.183226 -0.2121185 -0.2004389 -0.3331037
-0.7079896 -0.2587333 0.989366 -0.9807602 -0.2460687
-0.03764882 0.05788724 -0.1781188 0.3403732 -0.8637557
-0.4303925 0.4317858 -2.243789 -0.1558224 -2.16183
-0.006819353 0.5913176 -1.905181 -0.7809284 -0.4361133
-0.5690758 1.473394 0.3083622 0.1753625 0.7324899
0.9707243 0.2701069 -0.170828 1.597439 0.4734663
1.038003 1.343293 0.4787105 0.1122367 0.5209834
0.2836123 1.147427 -1.932246 0.4523728 -1.348749
0.9644581 -1.232422 -0.4856305 0.8788632 0.1402964
0.7107393 0.9009526 -3.160852 -0.8306817 0.08679931
0.09785292 0.0592184 -0.7379005 1.109413 -0.7563819
0.7249921 0.5738665 -1.915571 0.2786608 -0.6788147
-0.2953781 -0.8615097 -0.3645302 1.179239 0.6954442
0.1301641 1.361816 -0.7382261 0.4276211 1.079809
0.4513477 -0.6384158 1.677886 -0.8458596 -0.7713715
-1.694899 -1.595873 -0.08567724 1.399995 -1.609901
-0.1411269 -0.9787845 -0.07347807 0.5816436 0.7590121
0.8504318 -0.5902371 -0.3009096 0.7600448 -1.816454
0.7903802 0.5186123 -1.408796 0.2427859 0.9722023
-0.3966006 -0.03297521 1.862672 0.193894 0.5195511
-0.6775444 0.3436488 -0.0598015 0.4272733 0.08435682
-1.931281 2.057485 -0.06961096 -1.165075 1.438735
0.6561532 0.0552294 0.06055468 0.9607623 -0.2867288
-0.9672734 0.6390328 0.3149749 1.006557 0.9291731
0.5518969 -2.045735 -2.086722 1.035162 -0.8993105
-0.4863926 0.1597778 -2.544814 -0.2839916 -2.212819
0.09275675 0.462569 -0.4868571 -0.4837941 0.4578199
-1.55053 -1.538905 -0.9164839 -0.6604513 -0.161061
-1.669909 -1.530457 -0.3635138 0.3788291 0.6391842
0.654808 -0.9763505 1.10292 1.280983 1.410266
-0.03880212 -1.471237 0.2996434 -0.1457305 0.358114
0.2351254 0.2039779 0.3476192 -0.2393847 0.2986857
-0.2648996 -1.675877 -0.5427952 1.415367 0.09731296
-0.2296707 -0.3811595 -0.005273597 0.8199373 -2.507087
0.4058698 -1.149729 -1.366682 0.3984483 -0.3093538
0.02772849 -0.1875781 -0.3823363 1.209542 0.8574841
0.07080201 -0.6847205 0.01077896 -0.1960647 -1.800086
1.043753 1.112228 0.8855086 0.1654398 1.212211
0.3665315 -0.9469753 -1.991436 -0.4206323 0.9241908
-1.027113 1.596257 -0.5566915 0.3281033 1.208872
-0.6588632 -0.6147983 0.4725379 0.4738899 -0.5998598
-0.7229057 0.5100147 0.5624385 0.1721074 0.4009137
0.6827146 0.1613839 -0.2472951 0.9646502 1.284147
1.05215 -0.3116917 0.8249549 -1.201262 -0.29427
0.2313488 0.8287345 0.5133121 0.2056278 1.848875
0.3835348 1.222995 -0.1084006 0.5243356 -2.60157
-0.1127735 1.741746 -0.6616755 -0.0300172 1.975232
0.1799607 0.07236769 0.1145049 1.321634 -0.5330515
-2.414359 -0.941702 0.7592334 -1.699666 0.05211481
0.6445696 1.171102 0.8794808 0.09928132 0.9600969
1.892258 -0.01260477 -0.08625125 -0.9399876 -1.079674
0.3702584 -0.290032 -1.176727 -0.1052498 1.303743
1.618628 -0.0005220236 -2.020172 1.319883 -0.3492743
-0.7036408 1.439828 0.6997178 -1.530807 0.2826324
0.197359 -0.8057675 -0.520643 1.318151 -1.080947
1.182522 -1.138137 2.460373 0.6017814 -0.09961273
-0.4799587 -0.2046501 -0.9567033 0.3509974 -0.1819735
1.215976 0.6745512 1.345827 1.83682 -0.2205612
0.9666893 -1.354501 1.664605 -0.7318899 -1.692512
-0.4833045 0.4413527 -2.133243 0.350479 2.062435
1.152155 -1.287599 0.1190974 -0.4164522 0.5479031
0.3705112 -0.7460364 0.02678518 -1.44477 0.6168758
1.492875 0.852501 -1.606681 -1.303433 0.5036435
0.5290598 -1.64238 1.085657 -1.498077 1.120276
-0.613215 2.405784 -1.890133 0.3725553 0.2845773
0.01927086 1.157121 -0.06887827 -0.06231593 0.9049829
-0.9252304 0.127596 -0.3060325 -1.095929 0.01149526
0.9177245 -0.3754261 -0.5558165 -1.402538 -0.3812462
-0.7971656 -2.919657 -1.860534 -0.3183441 1.029576
1.419848 2.969076 -0.5982808 0.7081958 -0.2327759
0.5259375 -1.287511 0.00699523 0.8285269 -0.6947153
0.5889301 2.232591 0.4651352 0.2835576 2.322095
-1.598633 1.535566 0.1029354 -0.8701292 -1.100652
-0.2504634 2.332035 -1.683227 0.3612847 -1.062884
1.127697 0.4619063 -0.4720729 -0.4500464 -0.3743797
0.5757055 -0.1400498 2.350324 1.355013 -0.4377444
-2.066363 1.787298 0.2155482 -1.248746 1.071927
-0.1060588 0.4657075 1.924141 0.8627555 0.01764904
-0.3723026 -0.9558066 1.293024 1.357096 1.073675
-0.1299734 -1.995209 0.1280403 -0.8343171 0.562473
-0.7548834 0.2163075 1.145501 1.038918 0.2393096
-1.343165 2.59054 -0.6530505 2.072135 -0.5028598
-0.09197927 -0.1351135 -0.8272504 -0.4090875 0.3197808
0.8548792 1.855116 1.738507 0.3644353 0.1800083
-0.1470255 0.5290585 -0.2242276 0.2079856 0.937109
-1.28188 0.7489138 2.230413 -0.2391877 0.9900583
-0.7168077 0.1782911 0.1620467 -0.2167249 1.056758
-0.07049714 0.1833694 -0.9138336 0.4325531 0.1986093
0.7999066 -0.7642771 0.7257637 -0.3890429 -0.9934106
-1.141845 -0.5486503 -0.8110821 -0.5287917 -0.8669337
-1.135369 0.2425353 0.4909238 0.4292384 -1.045819
-0.7827643 -0.6824904 -1.154358 -0.1783752 0.3898773
-0.1729914 -0.3438993 -0.442701 1.501703 0.9573131
0.74997 -0.6714953 -0.3510854 0.760735 0.8163684
-2.893888 -1.396904 0.09487006 0.1736138 -2.054641
0.4798895 1.667631 -1.296702 0.8264516 -0.1923085
0.2692257 0.9270535 -1.267128 -0.02679967 1.126108
-0.6795362 2.14567 -0.5774985 -0.1077479 0.1430717
0.1707233 -0.9801584 0.1678877 -1.132455 -0.2078438
-0.182178 0.1253545 -0.4932005 1.113788 0.02696085
0.4166047 -0.548426 -0.3603933 0.1586591 -0.7223494
0.8664617 0.303797 0.01914873 0.8154183 -1.468003
0.0237044 -1.439875 0.6571303 0.2527763 1.542992
0.7162972 1.140752 -1.39169 -0.1428076 -1.27507
-0.8728802 0.3105931 0.8313454 -0.6060367 -0.4107111
-1.399718 0.7716955 0.5025151 0.3819487 1.113974
1.135478 -1.28807 0.9338497 -0.08563318 -0.8810893
-0.468938 -0.278963 -1.178996 0.01794664 -0.2119299
-0.2079428 1.432559 0.5955829 1.551352 -0.658622
0.7327283 -0.51779 -0.6023839 -0.4613499 1.23916
-0.5366605 -1.944569 -1.340701 0.1218559 -0.1708476
-1.543981 0.7368368 -0.3050225 1.010264 -0.8728675
0.5483523 -1.190515 -0.6998605 -0.4469048 -0.3032687
2.091706 -1.099599 1.224072 0.601863 1.337503
-0.9561605 0.3231897 1.905409 0.8549429 -0.6035258
1.709141 -1.071872 0.5733961 0.7750872 2.121167
-0.4537514 1.631963 0.5523794 -0.5153671 1.006722
-0.423651 0.9079631 1.578649 -0.4233359 1.669087
1.101881 0.8954117 -0.8497699 0.1959721 -0.1715607
-0.5863195 -0.2212796 -0.6502609 0.9578271 -0.2545848
0.81017 0.4911856 -0.1248948 1.089796 -0.6489659
1.147987 1.015647 1.877268 0.5641566 0.7735302
-0.8948409 -0.1147006 1.114963 1.558754 -0.4050288
-0.376875 0.1013995 -0.6270324 0.1205564 -0.655816
0.5475047 0.644193 -0.5550701 0.1809326 0.8146734
0.5949762 -0.4187268 0.5824285 0.6374708 -1.561154
0.1790369 1.745062 -1.273483 -1.922568 2.853329
0.1530568 0.9464358 -0.09289886 0.03935653 -0.5625724
-0.1757257 -1.189488 0.6358889 -0.0245547 0.8158641
-0.2591344 -0.4541993 -1.402167 1.372708 -0.1777013
0.5436478 -0.4739393 -0.1445684 0.2053465 0.9784464
-0.4999449 0.9473957 0.2967143 -0.05687376 1.694897
1.994015 -1.530133 0.4158016 0.04429616 -1.45252
-0.3763885 0.7163948 -0.09058764 -0.03244716 -1.546351
-1.109616 2.285829 -0.0905097 0.4574388 0.8120328
-0.3741134 0.2791993 -0.8592839 1.506606 -1.459427
0.6714087 1.335299 0.05928233 0.4326431 0.4329646
-0.09218905 0.6627903 -0.4839128 1.318512 -0.2415925
-0.0466263 0.5126799 -0.8382243 -0.6659795 1.289018
0.9711009 -0.0754725 -1.504772 -1.472645 -1.549911
0.8540969 -0.2556717 0.4974801 -2.090037 -1.412616
-0.2823377 0.9747203 -0.553618 0.5469016 -0.5182167
0.3459043 -0.6244122 0.5170274 -0.5656769 -0.3022244
-0.4332239 1.473807 0.4011579 1.380599 1.231679
-0.6097119 -0.3281909 -0.3890846 -0.5375253 -0.2941117
-0.1848266 0.1088499 -2.754911 -0.4409408 0.3967933
-0.8368803 -0.3176727 -1.286383 1.246931 -0.1703053
-0.0503893 -0.6945054 -0.2583115 -0.3224307 -1.238287
-0.9282497 -1.908595 2.028042 1.451719 -1.019317
-0.8348115 0.08338079 -0.4764333 -0.1661829 0.4266198
-0.8076727 0.8150712 0.103286 -1.577341 2.027084
0.1374904 -1.60243 -1.045286 -0.2392587 -0.837432
1.246925 0.1793452 1.409499 1.168746 -0.4904917
0.825461 0.2510547 1.570705 0.2918569 0.2775189
-1.564099 -0.9136503 0.09656372 0.2762489 1.651593
0.137148 -0.8617419 1.194606 -0.3174233 -0.25809
-0.1014171 0.6085412 0.2633772 -1.380165 0.5549175
-1.212807 1.570217 0.4390188 1.014258 0.3171409
-1.257038 -0.5749194 1.055792 -0.2847718 0.7637565
-0.04147604 -1.886724 0.5556456 0.4987482 -0.953185
1.161847 1.466424 2.111909 2.290415 -1.28249
-1.784768 -0.1853332 -2.112582 -0.2936468 2.165377
0.6534851 0.8463161 0.4132242 -1.426139 -0.9379777
-0.09806451 -0.04335453 -0.4769472 -0.1618154 -0.429739
-0.3830846 -0.1668272 -1.224759 0.6563841 0.4636117
1.654558 -0.4606973 0.977856 -0.4668555 0.5687461
1.143126 0.3624841 0.1207501 1.264539 0.02053682
-0.9487044 -1.322322 -0.008745396 1.325969 -0.8874002
0.04510632 0.4993439 1.13928 0.8325258 -0.1595927
0.8588939 -0.7681449 -0.3712575 2.151536 -0.8509725
1.323883 1.03743 0.0295925 -1.598191 -0.7075078
-1.051019 0.5433737 1.008327 0.5282085 0.8084119
1.37426 -1.580331 0.4414812 0.571926 0.03979356
-0.6091137 0.8433313 0.7954001 0.02954178 -0.139962
0.9587845 0.8208776 -1.143527 -0.5491307 1.201793
0.6543682 1.19135 1.924502 0.6223349 0.06137421
-0.1476577 -0.01658743 0.9049746 -0.8126009 0.5966345
-1.666338 -0.0364165 0.8204335 1.455395 -0.9704834
-0.2491534 1.201785 -1.032685 -0.7523856 0.1136715
-0.5638401 -0.445488 0.5426087 -0.2364576 0.729833
-0.4167672 0.3372255 0.1330819 -0.6413561 0.2169616
0.9954531 0.1495226 1.5915 0.536281 -0.6095822
-0.7835589 -0.583576 -0.9712868 1.229094 0.3486724
-0.5312996 0.07774261 0.8435266 -0.4506736 0.4083277
-1.730707 0.1239991 0.1812732 -0.6887112 -2.064149
0.3143882 -0.3310247 -0.9099382 -1.089758 -0.3536119
-0.9096155 0.2747277 1.212479 -0.003463198 -0.3919379
0.3382452 -1.327895 0.6273201 0.3987104 -1.934156
-0.1938877 1.068719 -0.8370535 1.66994 0.9984738
-0.7858773 -0.9132611 1.074801 0.0752678 1.554717
-1.539919 0.08428057 -2.206121 2.099108 1.338006
0.08814831 -0.4335565 2.765009 -0.925771 -0.6782395
2.246338 -0.3241904 -0.3287765 -0.4420122 -0.6708495
-0.3162533 -1.92601 0.562718 0.93182 -0.0799852
0.6226939 -0.7945268 -0.5594797 -1.542228 1.367815
0.7272153 -0.03061474 -0.2825307 1.764521 -0.4044192
-0.5653594 0.2348879 -0.2226576 0.05999913 0.1189741
-0.5585375 1.10413 0.1915647 -0.1676742 0.9826509
1.094726 -0.7707728 1.949876 0.1783396 -1.402008
1.084677 0.1150663 0.7277108 -1.095466 -0.727328
1.235187 -0.4057279 0.453009 0.1435765 -2.162239
0.1469257 0.5516718 1.295951 0.5718874 -0.2513824
-2.220718 1.317871 0.3905119 -0.2640862 1.592445
0.06661585 0.1995563 -0.8943283 -1.088469 1.413119
0.6117266 -1.752513 0.6712307 0.3913622 -1.893131
0.39555 -1.4221 -1.007171 2.566932 -0.9038494
-0.1873905 0.2678369 -0.6264535 -1.665664 -1.747625
0.0943524 0.6477675 -1.072869 0.4534116 1.526304
-0.2951824 -0.1297756 -1.727035 -1.236217 -0.5030891
0.8583353 1.870386 -0.149646 0.1862124 -1.455212
0.744566 0.3678434 1.256812 -0.9289687 -1.73782
0.9363095 -0.2069475 1.861811 0.04202913 1.760947
2.121886 -1.356302 -0.4130963 0.9929036 0.9587769
0.8228782 -1.092258 -0.8094364 1.535361 -0.05412943
1.180007 -0.6864994 -1.411822 -0.9928786 0.7805628
-0.9985748 -0.7336667 -0.4782601 -0.7354988 1.928012
0.5376563 -0.5240411 -0.2705072 0.7634239 -1.628805
-0.814099 0.09307523 0.8588325 -0.0416989 -1.468987
-0.6264472 1.528106 -0.4612186 -0.6877264 -0.8572753
0.4376152 -0.02879206 -1.018901 0.6457374 -1.313465
-0.8563804 -1.041575 -2.092148 -1.040084 1.425116
0.6838536 0.7092247 1.286674 0.3422756 0.3841211
-0.5983983 -0.3059431 0.2760506 0.6912445 -0.04016322
1.210329 0.4310544 -0.5926096 -1.051798 -2.99595
-0.5770413 0.2419703 0.8606346 1.258823 -2.449672
0.5672541 -0.3310515 -1.157968 -0.04689101 -1.144916
1.650254 0.3332677 0.485421 1.35614 -0.3859395
-1.211188 -1.138609 0.9965295 -1.560918 -1.856268
0.1067843 0.8433341 0.1841093 0.2194354 -0.2223355
1.462466 -0.03164272 1.560992 -1.767223 0.2198326
1.605107 -0.6125967 0.7204075 0.6448627 1.220767
-1.59966 -0.242444 -1.299572 0.7973799 1.040994
1.135826 -1.085755 1.10055 -0.179311 -1.278318
-0.1109852 -1.062815 -0.435706 1.197192 -1.429192
1.258454 -0.9218458 0.6713074 0.7942621 -0.709732
1.890045 0.2694696 0.9196864 -0.9763585 -0.02980447
0.4396434 1.66751 0.06494447 1.015503 -1.690487
-0.8559858 1.199022 -0.4108361 0.05159588 0.2055272
-0.656182 -0.03533059 -1.878455 1.857307 1.024543
0.3145576 0.856731 -1.578263 0.5414441 -0.222221
-0.07446588 0.7754475 -1.090239 1.837166 0.4248729
0.1893134 -1.452665 -2.343063 0.3698022 0.1974061
-1.772607 0.6099554 -0.3738397 1.358059 0.7692887
0.7943003 -0.4594129 0.1523363 0.7677038 1.734166
0.5431028 1.323202 0.6802335 0.4503328 0.6098023
-0.3045518 0.1696014 -0.1226459 -0.1087237 0.9678284
0.1930906 -1.156389 -0.9510093 -1.866062 0.6116701
0.3963304 -0.08490735 -2.453706 -0.7664623 0.9731502
-1.602585 -1.961161 0.006655897 -1.12008 -1.168439
-0.2115451 0.1537066 1.106796 1.853975 -0.3546456
-0.7266677 0.1156121 -2.084821 0.5901993 0.1844281
1.61625 1.238634 1.843999 -0.5205516 -0.1412436
0.7260852 -0.6693516 -1.7298 0.3004228 -0.3274472
1.066684 -2.701893 -0.291661 0.2326145 1.077619
-0.8875029 0.009680403 0.3519068 -1.019304 -0.1712719
-1.867843 1.527837 -2.282088 0.8002947 -1.809704
0.7996536 0.2400784 -0.02717066 -0.6664909 -2.122636
0.6343482 -0.3053661 -0.9277845 -0.02600489 0.4653445
-0.1335731 -0.1111095 1.035743 0.09274787 -0.9929697
0.349892 0.5167327 0.3668799 0.4584413 -1.764562
-1.392815 0.7980626 -0.8752405 0.2582403 -0.01207021
0.4816352 -1.922402 -1.200654 -0.2368216 0.2730068
-0.9841319 0.06835986 -0.8480321 -0.6761859 0.8970199
-0.04544384 1.12278 -0.6553515 0.82531 -0.7353424
2.197277 -1.339587 0.8931586 0.9158211 -0.1862249
-0.7054877 0.3147474 0.006996192 -0.8182551 1.421202
-0.9581747 -0.4890259 -1.008644 0.5499785 -0.1042897
1.870385 0.6329288 0.3144028 -0.1262829 -0.5375406
0.1764592 0.2513251 1.242891 -0.6148813 0.6823535
0.4758224 1.199916 1.214316 -1.016421 0.3688714
0.9465391 0.4954218 -1.218743 1.265185 -0.1100434
-0.5165329 -1.813476 -1.419162 0.7594894 0.003995503
-1.300547 1.400392 -0.204755 -2.259581 0.8210161
-1.855238 1.499744 0.3980699 0.3154105 1.592219
1.077975 -0.6354739 0.203659 -2.016926 -0.04716549
0.6610807 1.575118 0.5622823 -0.2674975 1.011122
-0.6577269 1.472237 -0.01642424 -0.6621437 -1.052787
1.477481 0.210431 0.01600743 0.2823292 0.5443412
-0.4785831 -0.6689786 0.1266604 -2.080199 0.2065186
-0.2606846 -0.8477615 -0.7939471 0.6850857 -0.2254226
0.3614632 1.641048 1.101059 0.1619362 -0.7989147
0.3828399 -0.2986463 -1.306503 -1.660374 0.09076291
1.999758 0.7610782 -0.9839437 2.046478 -0.5865851
0.06297449 -0.7675044 -0.4223366 0.5549393 0.2702829
-0.6585231 -0.2037311 -0.3902533 0.9263538 -0.8593309
-0.2069309 0.6890043 0.8349385 0.5781189 -0.1863155
-1.274228 -0.6848886 1.427875 -0.2434863 0.5127222
-0.5776826 0.1541876 -1.760726 0.3159369 -0.2646317
0.1949436 1.893392 0.1669004 -1.100325 -0.2018022
1.171713 -0.5814061 1.291326 0.09632111 -0.8890974
-0.5266248 -0.6686423 0.7917871 0.3987429 -0.08438753
0.1835356 0.5366641 -1.365597 0.4754884 1.518411
0.9947741 -0.3530057 0.7060755 -0.190362 -0.2093791
-0.1770473 1.716469 -1.025918 0.2978759 0.750577
0.714855 0.963359 -0.3313008 -0.2084668 -1.305902
0.4129915 -0.1559379 -0.7740194 -0.8462891 1.887404
-1.198528 -0.7414978 0.5624532 -1.440998 -0.7483184
-0.3181499 -0.1750119 0.4435167 -0.8239641 -0.7853544
0.6720191 -0.8563201 1.238044 1.141491 -2.248825
2.253405 0.431581 -2.195714 1.307547 -0.9946058
1.079516 0.3240009 -1.976943 0.926008 -0.4721091
0.07977431 0.6101493 -1.762425 -0.4434715 -1.099919
0.920782 0.2756524 0.5666897 -1.027444 -0.04865297
-0.1935226 1.066501 -0.1501129 -0.5472079 -0.729349
-1.851165 0.5153832 0.08839127 0.8115089 2.908921
1.605178 -0.6349102 -0.5735952 -0.0969264 -0.3493656
-0.2653653 -0.7255248 1.308477 1.095156 -0.661957
-1.06724 1.09433 0.2111577 1.073485 0.5021926
-0.1167026 -0.7290535 1.158643 -0.2572508 0.6820355
-0.1734598 0.3970518 -2.08552 -0.4784652 -0.4019869
0.5607926 -1.084305 -0.2134255 0.0498808 2.092391
0.3560242 0.1989949 -0.8302851 1.328125 -0.5958773
-0.2591156 -0.4624978 0.1954756 -1.181641 1.716391
-1.283884 0.2240246 0.4350247 -1.021266 -0.4254134
-0.5721118 -0.898021 -0.1479734 0.7089735 -0.9356981
0.1144712 0.3065971 0.5420818 -0.6758836 -0.7514375
0.2340617 -0.7070443 -0.6674856 0.6033222 -0.7004858
-0.07087705 -0.3845095 -0.2346963 1.364294 -0.9644472
-1.212547 -0.664082 0.2743691 0.1092875 0.4638684
-0.1016439 1.307494 -0.3976114 -0.1247146 -0.2478528
-0.3719749 1.201864 -1.532317 0.6679102 0.7713544
-0.9196913 -0.3162372 -0.6546252 0.1852162 -0.7134645
-0.5869309 0.7980637 0.04403586 0.2055153 -0.1017982
-2.024742 -1.548333 -0.5640144 -0.6523498 0.07241926
-2.621396 0.9781184 -0.2565594 0.3851659 0.5483502
1.466803 0.8268779 0.9845364 1.281933 -0.03361389
-1.268275 -0.05515061 -0.1222277 2.374136 0.8306297
0.8053008 -0.1081976 1.735796 -0.01725821 1.273687
-0.4349204 0.6601103 1.193051 -0.1819817 -0.7318681
-2.136019 0.211974 0.3446533 0.04001994 -0.3652678
1.246483 0.6738406 -0.1260488 1.097346 0.3665722
0.3544188 -0.1697046 -1.033915 0.3486801 1.052801
0.5655366 0.2838585 -1.264713 0.7752401 -0.8290394
-0.7221151 1.704052 -1.806461 0.2354904 1.254926
-1.636177 0.6397956 0.1791027 -0.9889392 0.2936053
-1.028756 0.5033315 -0.5879711 0.304565 -0.04404776
-0.6325944 -1.141977 -0.954531 -0.2437464 0.3768047
2.775106 0.596865 1.207915 0.9504516 -1.220684
0.2231155 -0.1125546 2.437526 0.05047355 0.7666486
0.2965637 0.0872204 0.1403107 -1.057155 1.171514
-0.4576275 0.02445094 -0.1900489 0.6091712 1.283945
0.6137867 0.5829624 1.560175 0.8425317 -1.756308
1.522084 -0.2596305 -1.028514 0.04193284 0.2921446
-0.277815 0.2174909 0.7532078 -0.03144218 -0.4223434
-0.8237867 1.236199 -0.7177928 -2.157269 -2.343779
-0.3660148 0.6049053 0.742288 0.373608 -0.135197
-1.163718 -0.09821392 -1.55401 -1.871789 -0.06119744
0.07359601 0.09426159 0.05875229 0.5520182 -0.6106953
-1.940137 1.173462 -2.617411 -2.16603 -0.06387522
0.5124082 0.0279817 0.7762802 0.9421981 -0.9514527
0.9251228 -0.4398635 -0.3379483 0.5837631 0.07597436
1.426683 0.3670009 -0.5815586 1.013819 -1.072841
0.3068223 0.1974626 1.589596 -1.788687 -0.393327
2.281703 -0.1538705 1.908716 -0.1463125 -0.8492105
-0.3395408 0.5651355 -0.1319745 1.101503 -0.005864106
-0.09590774 -0.758982 1.937818 0.08702552 -2.389858
-0.5404425 1.14323 -0.9501793 1.396859 1.66241
-1.384146 -2.011004 0.1636081 -0.508415 1.134223
-1.310921 -0.5963295 -0.4130609 0.2744071 0.7518361
1.000578 -1.907805 2.553747 -1.249795 0.3765219
0.007060625 1.323778 0.6834484 0.6761537 0.2430827
-0.6610892 -0.1924221 -0.7218105 -2.999806 0.1908782
-0.5478615 -1.674128 0.3065517 0.4160187 -1.522834
-0.03211687 -0.8537382 -0.5604062 -0.3833438 2.001431
-1.358968 0.5705998 -2.442689 1.246204 -0.2095507
-0.5524697 1.448435 -1.031403 0.0860103 0.3587187
-0.7238149 -0.5248303 -0.1869387 -1.790558 0.01706237
-0.8801975 0.1314495 -0.8705036 0.4734457 -0.8453655
-0.6361973 0.1805145 1.067408 1.437147 0.2418511
0.9704493 0.5653623 0.4372262 -0.1593838 0.6720766
1.298374 -1.55878 -0.6301469 -0.5677119 -0.8390133
-1.815893 -0.2028673 -0.7212886 0.06263443 0.254728
-1.150729 0.8650097 -0.621124 0.2722328 -0.966272
-0.9099416 0.2672086 0.3143387 0.02538521 1.383545
-1.250311 1.521115 -1.042812 -1.031004 -0.4868446
1.000941 -0.4435674 0.7827461 0.6818725 -0.7104329
-0.1839749 0.8378505 -1.011586 -0.9782305 0.2140321
0.9351058 -0.3495184 -0.6261962 -0.3005551 1.64151
-0.3968443 2.165563 0.2683529 -0.08682612 1.471695
0.5945522 -0.5502594 2.389384 -0.848078 0.04304135
-3.358993 -0.3059405 -0.443619 -0.3401985 1.170102
-0.631575 -0.08239698 0.004883676 -1.412654 0.1457897
0.4509313 0.3961137 -1.848414 0.7410065 -0.4452709
-0.5305802 -1.120517 -1.050318 2.228775 0.9099705
-1.412702 -0.969904 0.1729766 0.7072884 -0.9198758
0.8919868 -0.02132853 -0.6214121 1.645346 -1.738896
0.6188952 1.112771 0.4217884 -0.6038321 0.3934526
-0.3083198 0.8570933 0.6520569 1.542744 0.3624022
0.3959499 -0.02261376 0.947682 1.31497 -2.062767
-0.08012735 1.731701 0.2686622 -1.105384 -1.433768
-0.4920939 0.8873948 -0.9663575 -0.1568303 0.2009128
1.193266 -0.09745678 0.6545525 -0.1819722 2.521739
-0.2005192 1.321894 -1.510818 0.4980281 1.380509
1.733848 -0.407956 -1.955648 0.5324943 -1.262269
-0.7644472 -1.53539 -1.681064 0.5190141 -0.5870986
1.556516 -0.5239926 -0.3084631 -1.68315 0.2569148
-0.2832718 -0.9743445 0.5920145 -1.385523 0.2409894
-1.445988 -0.491915 -0.01570654 0.2010446 -0.4009151
0.7928416 0.9947271 -0.8680683 -1.771433 -0.06654544
1.168345 0.4778718 0.02520399 0.3303956 0.6158811
-1.022643 -0.3124333 1.520068 -0.7057279 -0.03959844
0.1155576 0.7523442 0.08064631 -0.5341645 -2.186655
-0.1936848 1.811118 -1.611822 0.1491983 0.08551165
-0.9367076 1.37083 0.7286848 0.5295428 3.170633
-1.20728 0.1546296 0.3308012 0.2637482 0.2559166
0.1230071 0.6398143 -1.777395 -0.3038869 -0.5185504
-0.890437 -0.5698458 0.1347986 0.2155456 -1.46611
0.09422088 0.5182632 0.7804201 1.74118 -1.837818
-0.7522244 0.01609205 1.181539 -1.511506 -1.468441
0.283605 -1.874463 1.037146 0.859484 -1.483635
1.588306 -2.042657 -0.1308518 -1.26615 0.5406021
-2.331981 0.04619922 -0.510473 0.8131884 -0.7966523
0.3054503 0.01956879 0.4238338 0.0641479 0.1371584
0.6594206 -1.443294 1.357574 0.03651518 0.5864663
1.000649 -0.3869564 0.4728979 1.755166 -0.2496822
-2.212606 1.513501 2.373275 -0.7765907 0.9355919
-0.04093344 -1.508409 0.7850791 0.8392637 -0.8546095
1.345754 0.5528824 1.497973 -0.8876135 -0.07925369
0.4301258 -1.481513 -0.6748917 1.004872 -0.288964
-0.4096699 0.2064007 0.4795908 -0.6661532 1.524355
0.01518639 0.7413309 0.3601327 -1.725743 -1.342823
0.09477117 -0.6807033 -0.6201562 0.8137192 -0.958406
-0.3094257 1.591195 0.3630874 2.163833 -1.233777
0.4079229 1.323986 0.03793315 0.5469776 -1.459847
0.2297432 -0.09032193 0.5817557 1.083861 2.211705
0.1212825 -0.2907219 1.577711 -1.57784 -0.6113717
-0.1398626 -1.669664 -0.2257765 0.1232089 0.5890521
-0.8204226 -2.326729 -0.2833062 -0.1866258 -0.8523979
0.5722866 0.6307049 -1.352133 0.7512734 -0.8934717
0.01604532 1.682875 -0.02399174 -0.3622314 0.5284684
-0.42269 -0.6265673 2.345247 -0.1830687 -0.9187082
-0.4889368 1.819631 -0.3004688 -0.7761612 1.013406
0.2785514 -0.3152239 0.6453684 -0.2048525 -0.09442203
-0.2271712 -1.372664 1.19008 -1.231338 -1.752948
-1.657622 1.656005 -0.1516585 0.3808249 -0.3858715
-0.2673679 0.871492 0.6638595 1.915448 0.001959427
0.5537398 1.74176 0.4275594 -0.1199749 0.5145276
1.902918 0.0800632 0.4438 1.118599 0.7686749
0.3465306 1.009507 -0.3095068 0.48927 0.04505785
-0.6379107 0.1944093 0.9767788 0.05892527 -0.1592592
1.085256 3.583828 -0.3954331 1.107844 -0.5358848
0.1977362 -0.03221198 -0.746031 -0.2856256 0.5780787
-1.033743 1.56979 -0.4002408 -0.8221806 1.70733
1.514822 -0.3957213 0.1223802 -0.313833 -0.2385926
0.6090288 -0.6048959 -0.3270041 -0.1703698 -0.9552134
0.1370672 0.6821688 -1.084906 -0.2834149 -0.9357139
1.737267 -1.001395 -1.296818 -0.5490641 0.4933519
0.4413684 0.152533 0.7543956 2.278351 -0.8718009
-0.1145496 -0.8872559 -1.273533 -0.02210093 0.41729
-0.2154723 -0.0417294 -0.04611958 -0.9170329 -1.840403
-1.019356 -0.4256769 -0.2511386 -0.7972373 -0.4727668
