-0.3632309 -1.412154 2.171686 -0.760394 0.4581919
1.74098 -1.261196 0.4249543 0.3805883 1.305943
-2.047489 -1.241327 -0.2856079 0.239019 0.2415437
-0.6389065 -1.605917 -1.672532 0.4955617 -0.6219324
-0.2512953 2.437115 -0.1429819 -0.286153 -0.03706583
0.6465444 -0.1727651 0.2309393 2.144459 1.157623
-1.295752 2.024243 1.303741 0.9607454 -0.03607103
-0.4288725 -0.799653 -0.1696685 0.49701 0.6212681
0.7842748 -0.2526825 -1.810401 -0.5482589 -0.8676231
-0.2519309 1.008876 -0.9629314 0.2984583 0.6992154
0.5048189 0.002652134 -0.2955061 0.8667521 -0.3635145
-0.7047938 0.497089 -1.17387 1.909769 -1.159614
-0.3508485 1.209351 -1.755138 -0.9593501 0.5808078
-2.004153 0.3761052 -0.2089578 -0.9730466 1.885803
1.057202 0.06200386 -1.604241 1.564928 -0.005094031
0.0460255 1.146849 0.2166857 -0.1487149 2.150973
-0.3241776 -1.308791 1.628363 -0.7137618 1.030622
0.9322588 -0.5668575 0.5485468 -1.358747 1.256338
0.3891038 1.512844 -2.349357 -0.8397532 2.33523
-0.3036592 -0.559626 0.8132824 0.7732175 0.4500217
0.710939 -0.5009799 1.517071 1.121936 -0.6140287
0.7427834 2.980452 1.752324 0.2942131 -0.04202375
0.9352266 -0.1501775 -0.3716086 -0.2941873 -1.982169
1.562105 0.2433964 -0.4018978 2.084429 -1.253283
-0.3641521 0.8611995 0.9723279 -0.7187888 0.1148279
1.920043 -0.5729116 0.6591112 0.3679412 -1.054965
-1.110105 0.01632993 1.033975 0.7716874 0.9071665
-2.094713 0.5584019 -0.8334304 -0.05110258 -1.346203
-1.091234 0.6019484 -1.095725 -0.4782302 -0.5315813
-0.2539029 1.109026 0.7745895 -0.08248755 -0.4649795
0.5291661 -0.2983601 -1.158711 0.0811178 0.1920219
1.414874 0.3111204 -0.2615888 0.5291996 -0.7747052
-1.042442 -0.009901759 -1.478813 -0.02413657 0.1037699
-0.2074836 0.1365304 -1.060236 -1.787355 1.075852
-1.243433 1.670138 0.1587453 1.57357 -0.2233712
-2.017969 -0.5998179 0.2974739 1.829997 0.2920908
-0.781824 1.358374 -1.236183 -1.447045 0.45424
-0.3910268 1.846115 -0.0999289 -1.883404 -1.315646
0.2359925 -0.6634017 -0.006906509 -0.03717905 -0.7042374
0.3735781 0.2828781 0.8971979 -0.3857161 1.068945
-0.5718395 2.334449 -0.1375259 0.06574335 -0.8169073
-0.2111602 -0.2414487 0.5127475 0.2675588 -1.426613
-0.3708171 1.891325 1.119695 -0.213218 0.1335071
-1.727652 0.3696185 0.9819762 0.3904909 -0.9022479
0.6997889 1.377051 1.015512 -0.6000444 -1.092224
-0.4738777 -1.251069 -0.4353772 0.8317881 -0.9311312
-0.3228748 -0.1615743 -0.6282494 -0.406174 -1.29676
0.3105634 1.546788 -0.131815 0.6970873 -3.010961
0.1679647 0.819163 -0.1721791 -0.5270183 -1.665036
0.2168912 0.8269944 -0.4927562 2.695357 1.463861
-1.260744 -0.3483296 1.43082 1.059693 -0.8661725
-0.511688 -0.3708601 0.3001812 -0.6365498 -0.6180249
-0.2602359 -0.388843 0.5040776 0.1133595 0.220321
-1.798458 -0.07486285 0.2784923 -0.6151737 1.341855
0.4627386 -0.3960749 -0.1699018 0.1164253 -0.05020923
-0.7420934 -0.8244538 -1.65313 2.014208 0.469026
1.599834 -0.167386 0.3417775 0.4048481 0.8451106
-0.3330163 0.5503504 1.032033 -0.7686022 -0.3996949
-0.1210088 1.199123 -1.536422 -0.6468966 0.7133764
0.1277823 -1.160256 0.1148594 1.265425 1.36485
0.1259522 -0.3239296 -2.181759 -0.4661176 -1.175435
0.2345099 -0.3104664 -0.3629355 0.3229808 -0.1155574
0.4920826 -0.9817648 -1.302616 -0.2773293 0.2106042
-0.4950521 0.06880104 -0.6903702 -1.246927 0.6318536
-0.5285198 1.426375 0.1828598 -2.352462 -0.5178481
1.571914 -0.1149113 1.048364 -0.9615252 0.5218305
0.2980764 -0.05479299 -0.5186238 0.05003867 1.817077
-0.6841423 -0.2739096 0.3510579 -0.1175526 0.04639827
-1.507337 -0.8863099 0.5828689 -0.4932118 0.2646091
1.612406 -0.04841623 1.788753 0.5065137 -0.2383159
-0.6459628 -1.406799 -0.7947411 -0.14484 -0.1450149
-1.433046 -0.5913929 -0.1814699 0.1754194 -1.132685
1.553951 -1.354272 -1.212286 -0.5321941 1.19084
-0.3603628 0.7595983 0.3544546 0.7749862 -0.06886907
-0.75432 0.7974285 0.3863967 -0.9247206 0.632231
0.6590469 0.9396192 -1.326794 0.2003673 0.8291722
-0.1897681 -0.9529914 -0.5856723 -0.01652934 0.01756827
-0.2114788 -0.2583779 -0.7467922 0.3423504 0.5554526
0.6144265 2.364168 -0.01985898 -0.2305323 0.5310885
-0.4497518 2.048413 0.2490431 0.8078881 -0.03293682
0.6275034 -0.9403861 0.5177799 -0.2256228 -0.8232049
-0.8799479 -1.260554 -0.8871081 0.5243492 -1.169156
0.8200748 -0.5964138 -0.2026817 1.866708 -2.263003
-2.221611 0.1098055 -0.3652057 -0.8238227 0.5215802
-0.2420959 -0.7045064 0.9831795 1.437689 -0.3124645
-1.392084 -0.9128158 -1.03434 -1.382914 -1.373575
-0.1467524 0.1567865 0.4580471 0.7334523 -1.612791
-0.988726 -0.5327098 0.3286445 -0.284959 -0.09718936
-0.1517105 0.1077345 -1.70721 -0.6532839 0.8987349
-2.055053 -1.317169 0.1969485 -0.239375 0.4730035
-0.4000547 -0.5581911 -0.815698 -0.9104068 -0.4853138
0.1986343 0.3417899 0.5605688 1.953892 0.05307789
-1.130423 -1.510742 -2.180145 -0.9025583 -0.7145956
-0.3432989 0.8209843 0.857533 -1.785441 -1.623451
-0.8487747 2.00112 -0.3382973 -0.3417401 0.9861722
0.4284488 1.345586 -1.441649 -0.1277206 -0.08627311
0.1572688 -0.5810489 -0.8723132 -0.3651283 -0.5235421
-0.3574389 -0.3337228 -0.3489695 0.1759954 0.978973
1.10478 -0.08037327 -1.112453 1.687773 0.7272434
-1.526572 -0.3753005 0.6741049 -0.3466497 1.044702
-0.7379649 0.02549237 0.4031554 -0.871768 0.2324814
0.6209224 -0.6624822 -0.3100419 -0.1352018 -0.273894
0.8006326 0.956176 0.803557 2.506821 0.05531017
0.3203827 -0.2288293 -0.3048609 2.021771 -1.026761
0.9716596 1.193816 0.305317 -1.476933 0.04263148
0.2213076 -0.9841636 -1.292706 0.006178602 -1.291172
0.1622341 -1.632763 0.4025414 1.954501 -0.1642888
-1.102832 -0.1503251 -1.921142 0.1389035 0.8502219
0.9807931 -2.485517 -0.3892298 -1.386113 1.688786
-0.615225 -0.950063 0.390202 -1.019537 0.4043166
0.2819218 0.7010772 -0.6309301 -0.8107978 0.5999197
0.1777805 -1.161303 -0.5184202 2.088108 0.7924101
-0.7819787 0.2832646 0.1260792 0.767261 -0.9889664
-0.6016608 2.130785 0.6311103 0.9840577 -1.247784
0.2652581 -0.3945027 0.4287504 0.1773267 -1.416865
1.317585 0.5029442 -0.2183048 0.7075051 -0.3760174
-0.1907017 -0.6335945 1.627884 -0.3153419 1.174402
1.272292 0.5835994 -0.1167754 0.3497618 -0.2801865
2.23517 1.414315 -0.3456352 -1.045313 1.551849
0.03721116 0.2184361 -0.6999793 -0.1302595 -0.8132537
1.321782 0.5867172 0.3342018 -1.653139 0.2518532
0.4906858 -0.6052339 0.04715613 1.646543 0.334781
0.5247984 0.2746077 1.259433 -0.1548267 0.4260907
-0.5778396 0.4396424 -0.5039236 -0.1662675 -0.4429047
-0.826221 -1.126161 -0.4977011 -0.157168 -0.68595
1.813954 0.9084708 -0.2864777 -1.032727 0.4441532
0.6397236 -0.2381938 -0.06434882 0.7354081 -0.1867399
0.64024 1.265716 -1.128399 1.275298 -1.08215
-1.39323 -1.533101 1.096411 0.002616751 -1.77071
-0.3526735 1.208396 0.1670042 -0.3205899 -1.118915
1.231224 -0.2715226 -1.947504 0.7913592 -1.743136
0.4447618 -0.03353289 0.5680079 0.8415784 0.5377593
-0.3740558 0.3858612 -0.942389 1.223971 0.5568552
0.2923563 0.5020722 0.02113632 0.07806355 0.05781261
-0.09496074 1.108421 0.8656533 -0.95194 0.4687946
-1.411786 1.925936 0.187363 0.1564788 0.100304
0.2712094 -0.6395599 0.983212 -0.8981688 -1.902141
-0.04594413 0.1363765 1.522677 0.3101723 0.105791
-0.277356 -0.4565689 0.9318445 1.340281 0.666748
-0.05938876 -1.329506 -1.099145 -0.5552584 0.8635175
0.5911493 0.1162212 -0.2443219 -1.67221 -1.507255
-0.254764 -1.573295 -0.7479369 -0.3349056 -0.4959486
-0.2160538 0.09600481 -0.007879458 0.5850758 -0.7165872
-2.251323 0.5223094 -0.7097585 0.5911537 0.6122814
-0.5742329 0.7515248 0.6796582 -0.3149979 -0.5934804
-0.4268135 -0.9872732 -1.076262 0.6575058 -1.178785
3.30593 -0.4845475 -0.9680686 -0.4733731 0.3014225
0.6126123 -1.338574 -0.7601223 -0.8639673 -0.4205417
0.7698151 -0.8097926 1.177726 -0.7518401 0.8910247
-0.1599824 -0.2665648 -0.5072982 -1.484879 0.3736281
-0.6226556 -0.2463678 0.8300127 0.5783766 0.513352
0.1019497 0.4249314 0.4587102 -0.5859859 0.6391939
1.607663 -1.509954 0.2022134 1.192779 0.1090145
-1.022325 -0.9769955 0.8326684 0.510868 -1.604653
-0.9177393 0.1547278 0.3653167 -0.7290526 1.465592
-0.2279215 0.6171332 0.06759358 1.393852 -0.0699974
0.7888601 0.271201 0.92828 0.2515809 0.305591
0.6546039 0.45126 0.1314602 -1.325087 -0.1610772
-0.9422873 0.6987763 -0.9373083 1.444573 -1.390323
-0.08735703 -1.131076 0.4760895 1.575831 0.3458152
0.4473445 0.11069 -0.6335524 0.7396287 1.907969
0.8806232 0.7070246 -1.333993 0.2784457 -0.177167
0.5429456 -0.5125836 -1.931024 0.4999574 1.409238
-0.9707302 1.263667 0.250574 0.5255428 -2.639846
0.1894321 2.025094 -0.7272765 0.9951222 -0.6024887
1.366751 -0.0911327 0.1952516 -0.2861492 -1.147052
1.035358 -0.3579914 0.4905972 0.3008254 1.298115
-0.9084224 0.1681757 0.2229752 -1.286399 -0.4515413
-0.04643225 -1.600255 0.08553656 -1.479328 -0.2670345
1.508735 -0.8343552 -1.87655 0.2603825 -0.1000675
-1.461953 1.015752 2.308167 0.4010131 -0.3518666
0.1387636 1.065269 -0.132335 -0.6773623 0.9970365
-0.512818 1.412485 -1.429518 -0.6381844 -0.4748497
-0.3272982 1.134911 0.2589604 -0.6124367 -1.976659
-1.349125 0.09322588 0.09227525 -1.362546 2.097347
0.04244315 -0.3003745 3.172437 1.039214 -0.1661902
0.3612974 -0.7389219 0.5685932 -0.03908352 2.003
-0.3085485 0.4409883 -1.043892 -0.2063512 1.235967
-0.5162075 -0.2212673 -1.76567 -0.2223046 -1.076534
0.8920698 0.5679434 -0.1305041 1.42298 -1.66275
-0.3965961 0.2047055 -1.001658 -1.979201 0.7595895
0.005038454 1.779379 0.8725802 1.183496 0.02648288
-0.5379969 -0.104242 -1.654091 -1.410385 -1.35698
-0.1885746 0.2463441 0.4079344 -0.3865217 0.2141231
-3.183007 0.253939 -0.3996161 1.780991 2.264177
-0.1897318 0.4154604 1.236762 0.8285165 0.4821656
1.273767 0.3068442 -0.2568362 1.479928 0.452866
-1.83191 1.047597 0.04626023 1.141672 -0.8382077
0.4243752 -0.5705688 1.37072 0.01617028 -0.7822821
-1.255839 -1.003004 1.140943 0.4098463 0.08478393
0.7872615 -1.038837 -0.5170683 1.365079 -0.6778397
0.8981389 1.215873 2.225045 -0.1787187 1.105971
0.6297617 -0.5801606 -1.116353 1.729735 -0.4356591
-0.9265519 -0.251869 -1.045567 -0.322129 0.2442942
-1.076535 0.2265885 -0.5045487 -1.026675 -0.3894352
0.2074859 -0.1312091 -0.3489835 -0.5518862 -0.7394682
-0.2334867 0.4233533 0.3847341 -0.6375921 0.9792863
2.079369 -1.176425 -0.6362044 -0.6952402 -0.04538618
0.325045 -0.08500052 1.106586 -0.2142529 0.2014558
-1.393041 -1.045675 0.1977311 0.8360456 0.8845016
0.7582284 1.323222 -0.4929196 1.307947 0.622509
1.4596 -0.1330792 0.1750778 1.566562 1.172156
-0.2498675 0.5174457 -1.994885 -0.3035168 -1.015217
-1.197997 0.8439549 0.3286915 -0.05342806 0.3264234
2.530632 0.1410154 -0.6395073 0.1706989 0.9503894
0.8495568 -0.5297367 1.148016 -0.2858751 0.4301979
0.8293374 0.2046172 -0.5348082 -1.539268 1.363527
0.2792653 -0.0462522 0.5484387 -2.04413 0.7589645
-0.03613926 -0.1063411 -0.9559392 0.1637585 -0.5593006
-0.133559 -0.5111315 -0.5380456 0.1296753 -0.0460628
-1.440685 0.9791253 -1.394626 -1.797734 1.264285
0.6918159 1.519342 -0.01986226 -1.496149 1.797155
-0.4961794 -1.13785 -1.358266 -0.3944117 -1.736412
0.4342937 1.281955 -0.02290459 -0.251916 0.2519189
-1.166192 0.6795323 1.441912 0.5350947 -0.2847002
1.183612 0.3043495 -0.1262252 0.5571426 0.2940025
-0.3186784 -0.07288526 0.0562056 -0.3468914 0.1532652
2.39419 1.10713 -0.291355 1.821127 1.800427
1.979144 -0.7503851 0.8371952 -0.1273408 -1.445522
-0.5582828 -1.41092 -0.03281586 -0.1120628 -1.766184
-0.07063549 -0.3641918 0.3931649 -0.06381694 -0.6260403
0.4030109 -0.4960479 -0.3707527 0.5487707 -0.03119066
-0.2234581 -0.6456078 0.7731062 -0.6349278 -0.5107673
0.6476375 0.04045359 -0.6891111 0.684227 0.2129604
0.2381647 0.616505 -1.069773 0.08169135 1.233663
1.032193 -0.8500657 0.7133269 0.3109652 0.4495744
2.586584 -0.6337784 0.9351871 -1.793958 0.8848773
0.7811805 -0.7138579 -1.560853 -2.066219 0.2130932
-0.9314687 -0.08704674 -0.2959452 0.789547 -1.052533
0.5425612 -0.2292548 0.4652223 0.1027365 1.64753
-0.19808 -0.4779357 -1.002752 -0.9112172 -1.670534
-0.4740878 0.8490172 0.4601925 -0.432115 1.819346
1.86152 1.648561 -1.086532 1.260678 1.508359
-0.5132999 -0.3366818 -0.09715827 1.164391 -0.6970928
-0.8458378 0.09922585 -1.287408 -0.5574326 -0.2053287
1.067465 0.6235641 -0.8242404 -0.03798997 0.1747374
-2.639933 -0.7324427 2.494956 1.288378 0.635582
1.030686 -0.7192439 -1.323739 -0.3202556 -0.5225883
1.456418 -0.968693 1.394398 -0.6696286 0.07167325
0.7381112 -1.297758 -0.6382659 0.2765731 0.2816564
0.5730239 -0.05477087 -0.2064755 0.3121436 1.243375
-0.5353737 -0.6280708 -0.1930589 -1.490664 0.364671
0.895047 0.312857 -0.2151012 -0.21526 -1.322263
-2.630144 0.1830726 -0.181836 1.703074 -0.710277
-1.539768 -1.059534 -0.156837 0.4458673 0.3952114
0.9613645 -1.108353 -0.1149647 -1.091679 0.8435477
-0.221994 -0.8505949 0.9429215 2.377381 -0.3913025
0.5508743 -0.2660127 0.209915 -0.3809248 0.3634089
2.54796 0.404664 -1.212677 -2.289423 -0.6111071
0.8555601 0.4994907 1.758158 1.132089 1.389889
0.1680688 -0.4681079 0.1315786 1.474422 0.06653138
-1.569906 -1.052535 0.9488709 0.4550194 1.51574
-0.7964696 0.3506953 0.5068465 -1.320382 -0.7368441
-0.7220091 -0.8185083 0.4880397 0.9319364 -1.950946
0.8287927 -1.287401 -1.486048 1.640869 -1.558809
0.6069309 -0.7289657 0.8044486 1.96333 -0.1533528
1.161013 1.70911 -0.8469814 -2.795756 0.3122905
-0.09221681 1.816378 -1.325724 0.9639159 -0.7841633
-1.011322 0.2402658 -0.1830968 1.266951 -1.329783
0.6240835 1.716456 -0.1118215 -1.94412 1.431494
-1.670085 0.7006855 -1.607769 0.8944267 0.5685977
-0.6130467 -0.2130971 -0.315179 0.3142854 0.4581687
-0.4389463 0.7734142 -0.9083062 -1.494301 1.920543
1.219945 -2.28328 -0.9047202 0.2700352 -0.8770982
1.681001 -0.3781995 -1.783872 -0.8626603 -1.13349
-0.8981928 -0.214357 -1.121993 -0.2937207 0.8453838
1.124771 1.882429 -0.4593064 0.1711987 -0.9585653
-0.2801767 -0.1236161 -0.7324448 -0.9551963 0.9965519
0.4805065 1.383595 1.879866 1.594281 0.7170161
-1.716319 0.9014762 0.2551878 -0.178822 0.7697711
-1.941034 1.798638 -0.8782179 -1.460157 0.726448
-0.03180308 1.553341 0.3347021 0.02904683 -0.1898077
0.9597288 0.2999919 -0.1568666 -0.03930654 -1.09065
-0.295682 0.4337444 1.501124 0.4951844 -1.085505
-0.02053727 0.479536 0.5539946 -1.196117 1.326119
-1.243507 -1.384432 -0.0460519 1.523778 -1.933232
1.07422 -0.8633454 -0.1480455 0.1550141 -0.03349104
-1.563595 -0.5649276 0.2289583 -0.7554808 -0.2887939
0.7981719 -0.441115 -0.1712053 0.2739744 1.084123
-0.3046979 0.9905659 -0.2980757 -1.981135 -0.6384793
-0.8766726 -0.4359373 -1.00603 0.4242956 0.0110079
0.9538656 -0.6804686 0.3567407 -0.09665489 0.1626951
0.2143794 -1.347063 0.1951272 -0.4866091 -0.9696185
0.149655 -0.02508672 -0.2178146 -0.4349924 -0.2849243
-0.6961906 0.08189972 1.271193 0.4729127 -0.1053326
0.3917605 -1.069671 0.2496135 -1.334702 -0.8720834
-1.589645 -0.1767388 0.588507 0.8638254 -0.5124819
-1.794801 1.994297 -0.2104593 -0.5536277 2.004926
-1.029374 0.04120723 0.8308823 0.4274147 -0.8408756
-0.8892994 1.630717 -1.544972 1.158801 -0.05491897
0.2820184 0.6250224 0.02189506 -0.1347669 -0.4020962
0.7967193 1.685151 -0.5046742 -0.7631329 0.0996378
-0.4774771 0.8290216 -0.7972068 0.1579092 0.5059129
1.114828 0.1933939 0.2811103 0.1013515 0.8265871
0.2965934 -1.104613 0.6056519 0.5294315 1.437809
2.002947 0.1696839 -0.03754958 -0.4173338 -1.23569
0.5356243 0.4568178 0.09270178 -0.3899161 0.1358445
-1.080664 0.8793399 -0.1386977 1.085005 -0.3960866
0.4551435 1.562301 -0.4217976 -0.7519497 -0.2734853
-1.295139 -0.6072814 -0.433915 -0.2579704 0.4016229
0.6776257 1.055267 -0.7496234 0.7685701 -0.2993705
-0.1852865 -0.4066706 -1.091396 1.038017 -2.29163
2.139147 -0.5821945 -1.547562 0.5437256 1.747129
-1.414748 -0.4634405 1.665051 0.8541276 1.688541
-1.001214 0.07947085 -1.124607 0.3912019 -0.2552233
0.06050978 0.5896248 -0.5365502 -1.088912 -0.8511375
1.033798 1.642093 -2.051409 -0.633126 1.900784
-1.388256 0.1075613 -0.2552247 -0.2803083 -0.08186149
0.4842386 -0.5420664 -1.664712 0.5135494 1.113694
-0.7448056 -1.586296 -0.8599345 -1.210687 0.6670853
-0.2119215 -1.608817 -1.266277 -1.21835 -1.044115
0.7990581 0.2644259 -1.490212 -0.7974136 1.04315
1.038867 1.583568 -0.4449661 -0.9839755 -0.7187875
0.3143284 0.2356888 0.7782972 -0.7657105 -1.064475
1.278051 -1.552466 -0.3058967 0.6055416 0.6196453
0.5400961 -0.5414517 -2.22511 -0.5881687 -0.7189891
-0.2434721 0.0797961 -1.491863 -0.6261533 0.01535491
-0.9579669 0.5482722 0.4145563 -0.02599911 0.3109007
0.8416693 0.907703 -0.4797753 -0.6026209 -0.4664708
0.03148849 -2.40977 1.511302 -0.8912382 -0.09090821
-0.04507416 -0.553157 -0.3364257 1.303618 -1.884273
-1.336782 -0.2099945 -0.9604015 -0.5999403 0.3110139
-1.506991 1.830546 -1.140962 -0.345384 1.635509
-0.4938894 0.4602921 0.4758263 2.067739 -0.07523668
-1.758476 1.000975 0.2223893 0.3927277 -0.8219396
1.18797 0.1000493 0.6068117 1.099335 1.649901
-0.1324938 -1.179236 0.8437002 0.7048057 0.7782627
-0.3431985 -2.11725 -0.5118982 -0.8367513 -0.8636806
-1.330097 1.158009 -1.437942 -1.531531 0.593238
-0.606738 1.974535 -2.844862 -0.470273 -1.530598
0.7207106 -0.9601593 1.10217 -2.347058 -0.4578067
-0.3474064 -0.9670601 0.2277376 -0.6125389 -1.939084
-0.283628 -0.2391379 -0.8579429 -0.1282 -1.169163
-0.9097723 -0.2308678 0.6022249 0.9438325 -0.305192
-0.9593356 0.3271197 0.8853839 1.734126 -1.93716
-0.5818402 2.089192 0.7087812 -0.7721887 1.060771
0.4657404 0.8747535 -1.222982 -0.854324 0.9171934
-0.8022584 -0.03327543 0.1620971 0.2484316 -0.5568798
-0.7044801 0.1314932 0.967072 -0.6573152 0.5469982
-0.3705137 -1.317816 0.8631495 0.6130757 1.160973
0.7415352 -1.048711 -0.4732742 1.004321 1.061767
0.7319839 0.1768797 -0.1299554 -0.5551968 1.442308
1.092982 1.270869 -0.3605171 -1.440215 0.9560432
-0.604087 -1.20219 -0.2996795 -0.4270255 0.9995773
-0.7711695 1.428323 -0.1815377 0.8377629 1.347558
0.6848514 -0.639615 -0.6492338 -0.1386495 1.609346
-0.9037357 -0.8170695 0.6674617 -0.5228264 -0.2959392
0.2865195 -0.02776382 -1.559652 0.4991648 -0.447911
0.3780857 0.9557978 1.394517 0.1513341 0.33485
-0.393957 -0.1208679 -0.1348816 -0.5300057 0.1471772
-2.290831 -0.06805164 0.1751895 0.4534758 1.477434
-1.262479 0.981626 1.662578 -0.268593 0.3955812
0.03251175 -0.3074968 -0.1584178 0.9466332 -0.7183829
-1.311472 1.672128 1.737475 0.1813047 -1.153124
-1.867773 1.030319 -1.386758 2.684876 0.7897821
0.9117104 -1.314214 1.580317 0.8137858 -1.416853
-0.767689 1.292171 0.5698946 0.2456875 -0.1396784
-0.9715057 0.8137662 -0.8607311 0.3364276 -2.237805
-0.3431024 -0.2456496 -1.028716 0.28463 0.1022465
-0.5796391 -0.606721 -0.130234 1.016695 -0.2316274
0.4244473 -0.7257432 0.7229023 -1.495059 0.8945068
-0.6539647 0.7395498 1.961487 -1.020383 0.3618815
0.4141874 0.4888062 -0.00278018 1.747529 -1.129906
-1.312412 1.819094 0.3894567 -0.7253552 -0.1271342
0.8184306 1.6057 -0.4155647 0.9557978 -0.1162629
1.042457 -1.560627 0.9791223 -1.731878 -0.3125084
1.785057 0.542636 0.5002174 -0.2116249 -0.1991836
-0.2506879 0.2103083 0.7350865 0.1649618 0.3315289
-1.702622 0.1896968 -0.5534816 -0.1332367 -0.69259
1.777119 -0.9578255 -1.370653 -0.1605882 -0.6813773
0.7114119 0.2159986 0.3443539 -0.1399008 0.1619192
-0.9387988 0.9771843 -0.6587376 0.1324637 -0.01769051
-0.02896621 -0.8896778 0.571261 1.829811 -0.1350792
1.252105 1.890097 -0.6828391 -0.5607388 0.2951866
-0.7645214 -1.101049 -0.6824823 0.1814133 0.2206089
-0.5212317 1.060784 -0.1106113 -1.355775 -0.7492037
0.1982286 1.555263 -0.4906185 0.8178975 -0.3569136
-1.113205 -1.463639 -0.496808 0.3856776 -0.8562561
0.08320863 0.7784718 -0.07660324 -0.6912489 1.56394
-0.5515871 -0.7567493 -0.5472444 -0.3147652 -0.5036137
-0.02449854 0.1839212 0.6263347 -0.1883324 -1.354316
2.404527 0.281887 0.6874478 -4.040826 0.7863198
-1.304725 1.000206 0.9294812 -1.073269 -0.5362546
-0.7157846 -0.2240302 -0.2186067 0.4533067 -0.7172017
1.561392 0.4223187 0.7792554 -0.8910841 1.168813
0.116677 0.01751393 1.359314 -0.6490451 -0.1327249
-1.401805 -0.3132324 -0.7154615 -0.8919474 -0.7236644
-0.2129469 -0.4211386 0.9663196 -0.4515546 1.022857
0.8752898 -1.357778 1.348029 0.407098 0.8578793
0.6002996 -0.007240393 0.5595934 -0.4191436 -0.7648895
-1.270433 -0.4381292 -0.5251659 0.09168735 -0.1244827
0.102543 -0.106751 0.6339982 1.209391 0.4337202
-0.1362365 0.789137 1.213067 0.9203357 -1.417832
1.277785 -0.3012208 0.5442857 -0.706203 0.8948121
-1.674067 -0.05775304 -0.6624723 -1.053665 -0.8373387
-0.2717478 -0.03448828 1.141303 -0.0861815 0.4382437
-0.8871627 -0.2695399 0.8817223 -1.437846 0.2175191
-1.042014 -1.262296 -0.1417968 -0.2839538 -1.101607
-1.373489 -0.6014246 -1.072133 0.6372582 1.053449
0.4245536 1.300379 -1.075355 -1.513321 0.7693731
1.012707 -0.09276809 -1.16625 1.052982 -0.3693703
0.4117918 1.829705 -0.5357223 -0.5737038 -0.2185009
-0.3035114 0.8970524 -1.185277 -0.3460588 0.1459759
-0.1564042 -0.6880574 1.998409 -1.326051 -0.3743533
-1.593526 -0.1286547 -1.132644 1.135521 -0.4722408
1.268768 -2.317278 0.2924974 -0.3911359 -1.305532
-1.748888 -0.8563256 -0.8368582 1.733449 0.2951355
-0.2037325 0.2419245 -1.629118 -0.4804926 0.6397552
-1.105294 -0.1912233 1.087891 1.72546 1.581962
-0.4489932 -0.433907 -1.514257 1.194239 -2.170609
-0.9008759 -0.7886198 -1.922451 -0.7664287 -0.6471505
-1.161476 -0.2971409 -0.5504889 -0.2569575 0.6607674
-1.185691 0.8162076 -0.2879511 -1.629625 1.332208
0.6244733 -1.049636 -1.3903 -0.5506254 -0.653091
-1.66996 1.706816 0.153397 -0.02371594 -0.2200289
-0.3494757 -2.411969 -0.4621531 -0.8228407 -1.607443
0.1728231 -0.6855115 -1.923547 0.5953491 -0.3178242
-0.5428088 0.6198949 0.4158717 0.6112316 0.3309254
-0.2243399 0.4697363 0.1310515 1.126788 0.5879809
-0.536348 0.9153331 0.4747275 -0.3482879 -0.538749
0.7789146 -1.753503 0.3408625 2.17476 1.91251
0.6138828 -0.5907202 1.885972 0.1650679 0.4416055
-0.1373489 -1.016433 0.1924148 1.662739 1.622903
-0.3712977 0.9880359 0.3696729 0.5972266 -0.39064
-0.8205841 0.3614031 -0.5591445 0.3421493 -0.2500471
0.1636417 0.6019749 0.6759056 1.006122 -0.1249379
0.1004414 0.1198485 0.3187951 -0.4746709 -1.487517
-2.569227 0.1455425 -0.2950108 -1.16979 -0.8799871
2.670873 -0.1801124 -1.00456 0.283865 1.482967
0.1159559 -1.09526 -0.2168012 0.014131 -0.5154577
0.5025976 -1.390099 -0.06793212 -0.3830017 0.7773559
-0.4457282 -0.4958923 -1.317213 -1.20817 0.316371
1.034993 -0.6118632 0.7594241 2.946986 0.252834
-0.8797353 0.56855 -0.1430973 -0.3720959 0.9594159
-0.02079815 1.121358 0.1937785 1.057948 0.2280327
1.880967 0.4094062 0.6143538 0.6507461 0.4070937
-0.7431238 1.295231 0.4471344 2.124287 -0.08770816
-0.6487069 0.1216507 -0.1279525 0.167372 -0.4245608
-0.3237388 -0.0594988 0.08598808 0.5263247 -0.9253063
-0.2391858 1.604462 1.954372 0.3031513 1.188092
-0.03955059 -0.6801951 1.211591 0.02465568 1.849192
1.073046 2.486265 -0.1173004 2.65089 -0.2391658
1.141639 0.1079852 -1.427327 0.5983058 0.8304963
0.9785085 0.241669 1.079983 0.9825773 -0.3064136
0.1499744 -1.5449 1.462792 -0.302461 0.99128
-0.8665503 -1.486212 0.5309217 0.6705495 -0.2316165
0.8594984 0.1672997 1.912831 1.454856 0.04743798
0.4478496 0.2013565 0.6178051 -0.6683317 -1.028901
0.1123212 0.757935 -0.2216501 0.2593016 -0.05186996
-0.7918928 -0.1380357 0.2633354 0.2616124 1.535637
-1.016982 -0.4179514 0.1491813 -0.9565295 -0.7044705
-0.2231177 0.02386613 -0.454902 0.4813656 0.6511426
1.820542 1.117027 1.212643 -1.447325 0.3080529
-1.088661 -0.2592772 0.6065864 0.1069327 -0.8443458
0.7873129 0.1047214 1.645699 -0.6089077 1.334054
-0.07865663 0.01661425 0.2649463 0.1443192 -0.3869323
1.368642 1.012932 -1.08116 0.9429806 -1.725336
0.9344446 0.1401851 1.270096 -0.6847096 2.222187
2.044521 1.150314 -0.244262 0.06133965 -1.259344
-0.5330742 -2.651065 1.960023 -1.613324 1.167989
-1.554816 0.8731142 -0.1754471 -3.022286 0.3079907
0.3204003 0.791711 0.430077 -0.3459752 0.5283836
-0.2757389 1.885112 -0.5941109 2.070041 0.007187591
-1.277964 -1.257383 -0.8685426 1.55498 1.491529
-1.384892 -0.3945565 -0.1105098 -1.340608 -0.4626809
-0.1524862 -0.05964991 -0.07782673 -1.959978 1.078848
-0.08712402 -0.4595925 0.3506948 -0.6455276 -0.3516184
-1.123709 -1.080857 0.2075391 0.8035002 0.04091926
-0.3666195 0.6704156 0.4343797 1.257589 0.2526861
0.4258801 -1.01354 -0.8091776 -0.6538896 0.2157081
-0.6583805 -0.9864215 0.2877533 -0.6377394 0.1093086
-2.021652 0.02891666 -0.4216693 -0.3876788 1.092879
0.445792 0.3989218 -0.2467136 -1.908259 -0.6222509
-0.2169642 -0.5414933 -1.363461 2.219331 0.1194872
1.667959 0.009024926 -0.2208465 -1.114639 -0.01000159
0.9887341 0.7146038 0.3262965 -1.429278 -0.4812938
-1.711888 -0.9282338 -0.2963102 -0.1196565 0.241814
-0.3102981 1.754823 -0.7733819 -0.3467117 -0.5110028
0.3336867 -1.246523 0.5265847 -1.065532 -1.30074
0.5682667 -1.272761 0.05077815 -0.8259478 -0.08523502
0.6255459 0.6890001 -0.2147806 2.073465 -0.5491081
1.707537 -0.6648965 -1.616708 1.005358 -0.07995655
1.908062 -2.950742 -2.34913 0.3418274 0.1485006
0.2059308 0.2786782 1.511345 -0.8322981 1.980471
-0.1331056 0.4941739 -0.3722792 -0.3633246 -1.294018
0.7546763 0.4043246 -0.4920292 0.9144011 -0.1805759
-1.406474 0.1816767 -1.392382 1.202728 -0.5504091
0.2839971 -0.5544774 0.1296283 -0.6103769 0.3040669
-1.208307 0.09857361 -0.4368842 0.518508 0.5322858
0.9188374 -1.360888 0.1867524 0.3031068 1.076387
-1.667612 -0.2730457 0.4658424 0.2110318 -0.2912321
0.8266609 -2.424583 -0.220863 0.5257581 -1.023895
-0.5904231 -1.378795 0.08389607 -0.4761959 0.1421359
-1.175081 0.319053 1.807428 -0.3059208 1.201955
-0.008096416 -0.2740625 0.2223917 0.8160943 0.4407293
-1.351705 0.1903231 -0.6063377 -0.1980342 -0.315256
0.3813836 -1.626771 0.7424626 -0.2110442 -1.622101
-0.6877156 1.867096 -1.936448 0.977757 -1.344878
-1.279734 0.9164124 0.06913346 -1.184958 0.1578083
1.631698 1.428708 1.663298 -1.113215 0.7032226
