-0.3493228 0.2925883 0.5441547 -0.789202 -0.1980932
-0.08324178 0.2609504 -0.4823073 -0.4185258 -1.362118
-0.3673861 1.369769 1.012242 -0.774704 -0.6810571
-1.510073 -1.46245 0.2299915 -0.2215524 0.1139962
-0.2788306 -1.76452 0.7766291 0.5146018 -0.1830602
-0.8070998 1.017936 0.6482123 0.4068059 0.12098
0.4649879 2.186455 -0.7746024 -1.395636 2.050067
-1.51695 -0.6591046 -0.03406572 0.8762051 -0.7672508
0.03098013 0.4739853 -0.3211197 -1.093242 0.1243037
1.017661 0.8011843 -0.8839903 0.7847387 0.4877196
-1.214892 -0.8087855 0.411914 -1.025702 0.1236172
-0.1502087 -1.433814 0.4075184 -0.2400001 1.836464
0.8606161 -0.1227054 0.2291303 -0.1962134 1.213922
2.140549 -2.349919 -0.1213328 -0.278728 0.7628606
-0.3062512 -1.714522 -1.5185 -1.543612 -0.03439909
